{
  "model_name": "DeepSeek-R1-Distill-Qwen-7B",
  "model_path": "deepseek-ai/DeepSeek-R1-Distill-Qwen-7B",
  "n_layers": 29,
  "prompts": [
    {
      "prompt": "The capital of France is",
      "expected": "Paris",
      "completion": "\\boxed{Paris}.\n\nThe capital of Germany is \\boxed{Berlin}.\n\nThe capital of",
      "correct": true,
      "C_acc": 788.5881364536056,
      "C_eff": 10.403261197890691,
      "cconc_acc": 0.22517444322352959,
      "layer_contributions": [
        56.835221568048915,
        55.10085014661066,
        65.8971357172636,
        53.14515796670247,
        48.500364521751784,
        63.14473763726419,
        58.565259278638955,
        64.24169651823006,
        48.84581238131071,
        62.80761841584751,
        60.435318679902004,
        48.44099426608919,
        57.88261680428399,
        44.15205555320684,
        78.38394476106645,
        23.014572739292007,
        40.741489574168654,
        41.72624138259786,
        87.55535495596506,
        76.11516016533,
        67.13654316045917,
        68.79680336574614,
        64.32533666099596,
        47.315957624869164,
        69.68614878923609,
        63.13446438980825,
        61.24941588252555
      ],
      "D_layer": [
        1.1746057371298473,
        0.047204802899310984,
        0.04441228834912181,
        0.038561994365106024,
        0.02990816130962533,
        0.028262256489445765,
        0.026063293849195663,
        0.023642418231853906,
        0.02191767517554884,
        0.019711737952699575,
        0.019726125819336932,
        0.02047953810930873,
        0.01764705893098532,
        0.01561335104634054,
        0.014843041305236207,
        0.013969440866882602,
        0.01289752584125381,
        0.011937028117245063,
        0.011192173648548001,
        0.009969844211203357,
        0.008521923664375208,
        0.007044330074374254,
        0.005939986280282028,
        0.004715148201891377,
        0.0037374804111702056,
        0.0032023140617335835,
        0.0025400988355007335,
        0.0028564052954607178,
        0.0006723486973593632
      ],
      "commutator_norms": [
        [
          0.0,
          3.9500188489312067,
          3.1530328722678087,
          2.1311795409380947,
          2.845622754150506,
          3.6131044731457953,
          1.876930721714436,
          2.557669746715284,
          1.3725883117517885,
          1.9280307815334117,
          2.017010310184335,
          1.791000041547985,
          1.5536777997170035,
          1.753450510014117,
          2.8587880457988857,
          0.6949954170250795,
          1.6205974367185192,
          1.386091447562973,
          2.569231348156029,
          2.8541646544036636,
          2.055349111865264,
          1.9922352728380959,
          1.3832690509754069,
          1.0602654645737974,
          3.116143218838175,
          2.324972811431939,
          2.3758015752493167
        ],
        [
          3.9500188489312067,
          0.0,
          4.087662413920603,
          1.969474259650977,
          2.1493296996306723,
          2.943833129698513,
          2.186783701958135,
          2.9564665497573923,
          1.822496193548449,
          1.9852317631402663,
          1.4471194944468062,
          1.5619479073321982,
          1.2698635364161648,
          1.026303407168114,
          3.4822236784869744,
          0.6626407262540446,
          1.2508776478635815,
          1.3965304463527455,
          3.1824181311794084,
          3.262165756544039,
          2.55239885427123,
          2.2178920219355787,
          0.9918421225892164,
          1.4250081218644313,
          1.2452662108343178,
          2.225141187154605,
          1.8499143356809848
        ],
        [
          3.1530328722678087,
          4.087662413920603,
          0.0,
          4.989209977047951,
          1.8487269799003596,
          2.4305386396451314,
          1.9721222343519762,
          2.973880831805579,
          2.895682454857201,
          2.235037130853013,
          2.0822819009951488,
          1.7965862808407762,
          2.2382899178710205,
          2.135825886504987,
          2.993461019912931,
          0.9063007685629731,
          1.4609967006269438,
          1.1958936669264864,
          3.456610309774279,
          3.205856520260274,
          2.3747897668842985,
          2.9137356002088897,
          2.1360543234817735,
          2.144251551105641,
          2.9650827712652554,
          3.1103673386848962,
          2.194857858707403
        ],
        [
          2.1311795409380947,
          1.969474259650977,
          4.989209977047951,
          0.0,
          3.1081193915996574,
          3.1376130541581606,
          2.6022514547550846,
          2.551978097630193,
          2.385893424156057,
          1.5814492275472014,
          1.8631715475638837,
          1.7580742723334393,
          1.841255372969798,
          1.0614011052790302,
          2.521677131073107,
          0.6854246046348217,
          1.351764346312292,
          1.0973153537225169,
          1.7001401649141252,
          2.4966195652512293,
          1.6553415253030017,
          2.1111395502510275,
          0.9666725594328818,
          1.2950934388600228,
          2.0060306288629053,
          2.1938645454137005,
          2.0830038270413147
        ],
        [
          2.845622754150506,
          2.1493296996306723,
          1.8487269799003596,
          3.1081193915996574,
          0.0,
          3.2707927254686764,
          2.2678852252081785,
          2.598415475623638,
          1.8494104775479532,
          2.2486577045683713,
          1.9488011728034742,
          1.4249673107274095,
          1.541183933486983,
          1.3763907166096039,
          1.991980389888175,
          0.5205443925217027,
          0.8964493453308289,
          1.4574866970144007,
          2.702497572128876,
          1.8806892395135741,
          1.6425179275532955,
          1.5098105784509714,
          1.413974343398666,
          0.7834869935767413,
          1.4915097307283287,
          1.8135922195892227,
          1.9175215247315107
        ],
        [
          3.6131044731457953,
          2.943833129698513,
          2.4305386396451314,
          3.1376130541581606,
          3.2707927254686764,
          0.0,
          3.598791088226415,
          3.5544526254950646,
          2.682273072837226,
          2.455165319646327,
          1.7904376251075713,
          2.3349573323711215,
          3.002000624003996,
          1.0811543641161991,
          2.564240402324807,
          0.5180690509114892,
          1.6258263026254351,
          0.8976816640747006,
          2.2982778929446486,
          2.868420715470726,
          2.6051401272792463,
          2.5423429002252163,
          1.9408084042717175,
          2.3470374416460507,
          2.7522898738489845,
          2.407832531759199,
          1.881656255961765
        ],
        [
          1.876930721714436,
          2.186783701958135,
          1.9721222343519762,
          2.6022514547550846,
          2.2678852252081785,
          3.598791088226415,
          0.0,
          3.825957756683656,
          2.7621136178028047,
          3.38613828862997,
          2.310029665647444,
          1.1131061347917652,
          1.3850080510055949,
          0.9299008495695084,
          2.3132064798989713,
          0.8738095991893303,
          1.3935454686913176,
          1.6429333486000044,
          3.1272078895027167,
          2.592259601051118,
          2.106042590339579,
          2.405403872437549,
          2.5511945090464496,
          2.394265294257885,
          2.584626129822923,
          1.8734569837450104,
          2.4902887217111553
        ],
        [
          2.557669746715284,
          2.9564665497573923,
          2.973880831805579,
          2.551978097630193,
          2.598415475623638,
          3.5544526254950646,
          3.825957756683656,
          0.0,
          2.701836463886663,
          2.5005776484764266,
          3.0679110436486328,
          1.6657819349051732,
          1.8472735099424011,
          1.2970845250066918,
          4.193848433655721,
          0.8145178065441748,
          1.1276228041205283,
          1.52304859348934,
          3.1874765511745107,
          3.0035655228592097,
          2.345345994791244,
          2.5844790093089167,
          2.5644175821402597,
          1.632871823922239,
          3.0834259902154155,
          1.791123887088363,
          2.290666309343331
        ],
        [
          1.3725883117517885,
          1.822496193548449,
          2.895682454857201,
          2.385893424156057,
          1.8494104775479532,
          2.682273072837226,
          2.7621136178028047,
          2.701836463886663,
          0.0,
          2.1628923773195097,
          2.961013897372106,
          1.5169256930272286,
          1.7010466805593587,
          1.2037597170002894,
          2.5887595750685595,
          0.6664421390984685,
          0.7806603438261365,
          0.8876632073244205,
          2.190635479535091,
          2.3560512769968276,
          1.3652183311904915,
          2.28206824321535,
          1.4450188658113823,
          1.1068927087981335,
          2.3535494889802004,
          1.7193843861701195,
          1.085535953628891
        ],
        [
          1.9280307815334117,
          1.9852317631402663,
          2.235037130853013,
          1.5814492275472014,
          2.2486577045683713,
          2.455165319646327,
          3.38613828862997,
          2.5005776484764266,
          2.1628923773195097,
          0.0,
          3.7329500542834237,
          2.5070074204017785,
          1.9828555446274563,
          2.053259918041557,
          4.043645954835934,
          1.2148310696041262,
          2.082727753937175,
          2.2068682541066895,
          4.512433920959389,
          3.6095592417714424,
          1.9844155721562842,
          1.5744329723493162,
          2.591592926109099,
          1.1041129562678933,
          2.1560145036334353,
          3.0535137565512973,
          1.9142163544967137
        ],
        [
          2.017010310184335,
          1.4471194944468062,
          2.0822819009951488,
          1.8631715475638837,
          1.9488011728034742,
          1.7904376251075713,
          2.310029665647444,
          3.0679110436486328,
          2.961013897372106,
          3.7329500542834237,
          0.0,
          2.906435363150131,
          4.064943371167782,
          1.3126505646437172,
          3.675635363717864,
          0.6555455418486911,
          1.3824641092497205,
          1.4749043157157007,
          3.893190111990636,
          2.4993472781325274,
          2.6764080959553738,
          3.132751976834735,
          1.8997307416982925,
          1.4794547237030617,
          2.8052279906426993,
          1.8227971793768143,
          1.5331052400214442
        ],
        [
          1.791000041547985,
          1.5619479073321982,
          1.7965862808407762,
          1.7580742723334393,
          1.4249673107274095,
          2.3349573323711215,
          1.1131061347917652,
          1.6657819349051732,
          1.5169256930272286,
          2.5070074204017785,
          2.906435363150131,
          0.0,
          2.4707583158806194,
          1.4452178241494502,
          3.0040956055765324,
          0.8097585165545667,
          2.061787883739524,
          1.656077024369362,
          3.0439408692011574,
          1.9710570427147955,
          2.0936822134102555,
          1.5533692054943142,
          2.3873590635027537,
          1.2646729275531594,
          1.5796368474470586,
          1.2447785863817165,
          1.4780126486849225
        ],
        [
          1.5536777997170035,
          1.2698635364161648,
          2.2382899178710205,
          1.841255372969798,
          1.541183933486983,
          3.002000624003996,
          1.3850080510055949,
          1.8472735099424011,
          1.7010466805593587,
          1.9828555446274563,
          4.064943371167782,
          2.4707583158806194,
          0.0,
          2.1882405262291225,
          4.5049741696260766,
          1.1195892438921946,
          1.7013124712522805,
          1.829975034753065,
          4.412397783672259,
          2.9064440989274134,
          2.6457742935083246,
          2.6359396081942417,
          2.1475754343299096,
          1.022165158865772,
          2.270654659508572,
          2.369626955350405,
          1.2297907085261748
        ],
        [
          1.753450510014117,
          1.026303407168114,
          2.135825886504987,
          1.0614011052790302,
          1.3763907166096039,
          1.0811543641161991,
          0.9299008495695084,
          1.2970845250066918,
          1.2037597170002894,
          2.053259918041557,
          1.3126505646437172,
          1.4452178241494502,
          2.1882405262291225,
          0.0,
          1.9445814486302784,
          0.6819881028702788,
          2.041996658827183,
          1.1686720898430165,
          2.707713031977761,
          2.1914950882765534,
          1.8695111212862519,
          1.7227692725369124,
          3.3170226559465346,
          1.8580290436417848,
          2.194232585709169,
          1.4792162721854745,
          2.1101882671432532
        ],
        [
          2.8587880457988857,
          3.4822236784869744,
          2.993461019912931,
          2.521677131073107,
          1.991980389888175,
          2.564240402324807,
          2.3132064798989713,
          4.193848433655721,
          2.5887595750685595,
          4.043645954835934,
          3.675635363717864,
          3.0040956055765324,
          4.5049741696260766,
          1.9445814486302784,
          0.0,
          1.6633589600762122,
          2.1457290982100847,
          2.8046920999165326,
          5.506612469001686,
          3.7356637469286493,
          2.2033799860086805,
          3.4977438326084287,
          2.855082880333949,
          1.8199610595773497,
          2.7427103136145767,
          3.715548360183167,
          3.012344256112316
        ],
        [
          0.6949954170250795,
          0.6626407262540446,
          0.9063007685629731,
          0.6854246046348217,
          0.5205443925217027,
          0.5180690509114892,
          0.8738095991893303,
          0.8145178065441748,
          0.6664421390984685,
          1.2148310696041262,
          0.6555455418486911,
          0.8097585165545667,
          1.1195892438921946,
          0.6819881028702788,
          1.6633589600762122,
          0.0,
          0.9797566523049107,
          0.7818851586682333,
          1.7498374382174413,
          1.4989909343968406,
          0.9522998801422254,
          0.6564287562028195,
          0.8305528676792713,
          0.6785738773410993,
          0.7669047985911636,
          0.8555020579897384,
          0.7760243781701127
        ],
        [
          1.6205974367185192,
          1.2508776478635815,
          1.4609967006269438,
          1.351764346312292,
          0.8964493453308289,
          1.6258263026254351,
          1.3935454686913176,
          1.1276228041205283,
          0.7806603438261365,
          2.082727753937175,
          1.3824641092497205,
          2.061787883739524,
          1.7013124712522805,
          2.041996658827183,
          2.1457290982100847,
          0.9797566523049107,
          0.0,
          1.8418935886701897,
          2.657572057707627,
          1.8739726662895795,
          2.3691220627796397,
          1.2968616639447428,
          1.6022575020164247,
          1.0137344410557074,
          1.0591587861190395,
          1.5315651362408456,
          1.5912366457083833
        ],
        [
          1.386091447562973,
          1.3965304463527455,
          1.1958936669264864,
          1.0973153537225169,
          1.4574866970144007,
          0.8976816640747006,
          1.6429333486000044,
          1.52304859348934,
          0.8876632073244205,
          2.2068682541066895,
          1.4749043157157007,
          1.656077024369362,
          1.829975034753065,
          1.1686720898430165,
          2.8046920999165326,
          0.7818851586682333,
          1.8418935886701897,
          0.0,
          3.619796901555713,
          2.084171256775395,
          1.9457602128725797,
          1.7054838357684068,
          1.3612949878553928,
          1.0992081567885243,
          1.1446174655404315,
          1.887895703464584,
          1.628400870866447
        ],
        [
          2.569231348156029,
          3.1824181311794084,
          3.456610309774279,
          1.7001401649141252,
          2.702497572128876,
          2.2982778929446486,
          3.1272078895027167,
          3.1874765511745107,
          2.190635479535091,
          4.512433920959389,
          3.893190111990636,
          3.0439408692011574,
          4.412397783672259,
          2.707713031977761,
          5.506612469001686,
          1.7498374382174413,
          2.657572057707627,
          3.619796901555713,
          0.0,
          5.916261116571981,
          5.159405165184771,
          3.5729566220037072,
          4.990042876975221,
          2.6200661644574237,
          3.9636090314063903,
          2.4193679429520385,
          2.395656112820172
        ],
        [
          2.8541646544036636,
          3.262165756544039,
          3.205856520260274,
          2.4966195652512293,
          1.8806892395135741,
          2.868420715470726,
          2.592259601051118,
          3.0035655228592097,
          2.3560512769968276,
          3.6095592417714424,
          2.4993472781325274,
          1.9710570427147955,
          2.9064440989274134,
          2.1914950882765534,
          3.7356637469286493,
          1.4989909343968406,
          1.8739726662895795,
          2.084171256775395,
          5.916261116571981,
          0.0,
          4.187267700006191,
          3.2069320222046898,
          4.099138349988693,
          2.1667509839499974,
          2.849586129453544,
          2.9407948388362333,
          3.8579348177548023
        ],
        [
          2.055349111865264,
          2.55239885427123,
          2.3747897668842985,
          1.6553415253030017,
          1.6425179275532955,
          2.6051401272792463,
          2.106042590339579,
          2.345345994791244,
          1.3652183311904915,
          1.9844155721562842,
          2.6764080959553738,
          2.0936822134102555,
          2.6457742935083246,
          1.8695111212862519,
          2.2033799860086805,
          0.9522998801422254,
          2.3691220627796397,
          1.9457602128725797,
          5.159405165184771,
          4.187267700006191,
          0.0,
          5.28500815231355,
          4.239749357187345,
          2.144461824435764,
          3.5563760576479346,
          2.0918276481289952,
          3.029949587957364
        ],
        [
          1.9922352728380959,
          2.2178920219355787,
          2.9137356002088897,
          2.1111395502510275,
          1.5098105784509714,
          2.5423429002252163,
          2.405403872437549,
          2.5844790093089167,
          2.28206824321535,
          1.5744329723493162,
          3.132751976834735,
          1.5533692054943142,
          2.6359396081942417,
          1.7227692725369124,
          3.4977438326084287,
          0.6564287562028195,
          1.2968616639447428,
          1.7054838357684068,
          3.5729566220037072,
          3.2069320222046898,
          5.28500815231355,
          0.0,
          5.123116144444822,
          3.5228810073007533,
          4.687440809074435,
          1.6903501100581384,
          3.37323032554053
        ],
        [
          1.3832690509754069,
          0.9918421225892164,
          2.1360543234817735,
          0.9666725594328818,
          1.413974343398666,
          1.9408084042717175,
          2.5511945090464496,
          2.5644175821402597,
          1.4450188658113823,
          2.591592926109099,
          1.8997307416982925,
          2.3873590635027537,
          2.1475754343299096,
          3.3170226559465346,
          2.855082880333949,
          0.8305528676792713,
          1.6022575020164247,
          1.3612949878553928,
          4.990042876975221,
          4.099138349988693,
          4.239749357187345,
          5.123116144444822,
          0.0,
          3.8932362769067064,
          2.883030560400236,
          1.9551736338574437,
          2.7561286406161165
        ],
        [
          1.0602654645737974,
          1.4250081218644313,
          2.144251551105641,
          1.2950934388600228,
          0.7834869935767413,
          2.3470374416460507,
          2.394265294257885,
          1.632871823922239,
          1.1068927087981335,
          1.1041129562678933,
          1.4794547237030617,
          1.2646729275531594,
          1.022165158865772,
          1.8580290436417848,
          1.8199610595773497,
          0.6785738773410993,
          1.0137344410557074,
          1.0992081567885243,
          2.6200661644574237,
          2.1667509839499974,
          2.144461824435764,
          3.5228810073007533,
          3.8932362769067064,
          0.0,
          3.5430156455310797,
          1.3254902978539715,
          2.570970241034178
        ],
        [
          3.116143218838175,
          1.2452662108343178,
          2.9650827712652554,
          2.0060306288629053,
          1.4915097307283287,
          2.7522898738489845,
          2.584626129822923,
          3.0834259902154155,
          2.3535494889802004,
          2.1560145036334353,
          2.8052279906426993,
          1.5796368474470586,
          2.270654659508572,
          2.194232585709169,
          2.7427103136145767,
          0.7669047985911636,
          1.0591587861190395,
          1.1446174655404315,
          3.9636090314063903,
          2.849586129453544,
          3.5563760576479346,
          4.687440809074435,
          2.883030560400236,
          3.5430156455310797,
          0.0,
          6.677154077931606,
          3.2088544835882167
        ],
        [
          2.324972811431939,
          2.225141187154605,
          3.1103673386848962,
          2.1938645454137005,
          1.8135922195892227,
          2.407832531759199,
          1.8734569837450104,
          1.791123887088363,
          1.7193843861701195,
          3.0535137565512973,
          1.8227971793768143,
          1.2447785863817165,
          2.369626955350405,
          1.4792162721854745,
          3.715548360183167,
          0.8555020579897384,
          1.5315651362408456,
          1.887895703464584,
          2.4193679429520385,
          2.9407948388362333,
          2.0918276481289952,
          1.6903501100581384,
          1.9551736338574437,
          1.3254902978539715,
          6.677154077931606,
          0.0,
          6.6141259414287275
        ],
        [
          2.3758015752493167,
          1.8499143356809848,
          2.194857858707403,
          2.0830038270413147,
          1.9175215247315107,
          1.881656255961765,
          2.4902887217111553,
          2.290666309343331,
          1.085535953628891,
          1.9142163544967137,
          1.5331052400214442,
          1.4780126486849225,
          1.2297907085261748,
          2.1101882671432532,
          3.012344256112316,
          0.7760243781701127,
          1.5912366457083833,
          1.628400870866447,
          2.395656112820172,
          3.8579348177548023,
          3.029949587957364,
          3.37323032554053,
          2.7561286406161165,
          2.570970241034178,
          3.2088544835882167,
          6.6141259414287275,
          0.0
        ]
      ],
      "n_generators": 27
    },
    {
      "prompt": "The chemical formula for water is",
      "expected": "H2O",
      "completion": "\\( H_2O \\). Suppose we have a molecule of water, and we want to find",
      "correct": false,
      "C_acc": 970.121394979101,
      "C_eff": 12.092892822816026,
      "cconc_acc": 0.2125733703528976,
      "layer_contributions": [
        75.25985506543331,
        54.688683599623,
        73.05844270367777,
        76.71735942183585,
        76.27971413954803,
        57.06164969716208,
        92.42313542080927,
        41.3840676157769,
        65.36600028404456,
        63.03630242707787,
        88.29052036661075,
        89.6781277114638,
        64.47359395443677,
        67.52854705389586,
        90.64366662331574,
        102.36321818257534,
        64.35812183691178,
        87.10323531081615,
        95.45012345107516,
        59.233373820152345,
        53.97464971957504,
        66.57915570866606,
        42.20025442201106,
        71.16398928098468,
        74.40865695412937,
        63.923857857522314,
        83.59448732907093
      ],
      "D_layer": [
        1.7954028419085912,
        0.06333857322377819,
        0.061097071905221255,
        0.042752273114664216,
        0.022153197729494423,
        0.02082199410402349,
        0.021079537363090952,
        0.01974754117795133,
        0.017822074699714512,
        0.015732898800966462,
        0.017537502272586738,
        0.016507345380627418,
        0.01486353442721468,
        0.014035806209514183,
        0.013603672522419532,
        0.01253396353734258,
        0.01130166687237631,
        0.010668687597249768,
        0.00964556702612234,
        0.008982376586313226,
        0.007049976681758251,
        0.00669470989461323,
        0.006086549043954749,
        0.005163816548052377,
        0.004665056950346168,
        0.004335171152238867,
        0.003691392487131192,
        0.0043871944747349645,
        0.0004066290733005319
      ],
      "commutator_norms": [
        [
          0.0,
          3.435777317312937,
          2.814619495848595,
          3.6078137104267984,
          3.0451538963036002,
          3.2024273310546807,
          4.4154601537991525,
          1.767021342091426,
          2.1335655998450775,
          2.229409215336635,
          3.1560723225310707,
          3.461671214231791,
          2.362040288237295,
          2.7342263775530067,
          3.7962693974588717,
          4.149031285648551,
          2.2905386696857395,
          4.352419992234996,
          2.660928924092766,
          2.8550484668781353,
          1.9442564914660383,
          2.1562519056352105,
          1.5633526841359653,
          2.769688811398811,
          2.7129028141639435,
          2.158728617082357,
          3.485178740979874
        ],
        [
          3.435777317312937,
          0.0,
          2.657002353887519,
          2.397331021831881,
          3.238615603369685,
          1.6281644486335094,
          3.5135971795481873,
          2.145096528858366,
          1.478590672924018,
          1.105694110858111,
          1.9475438352777774,
          2.6701480507794435,
          1.3568208307275844,
          1.5750134031539191,
          1.496350988020861,
          2.5450080605208676,
          1.3884641423524282,
          2.8096747362674726,
          3.07908847437193,
          1.1627214349136394,
          1.7012003491132688,
          1.927567274973596,
          0.8998950081031061,
          1.954874690502943,
          1.8803871021722511,
          1.822574227686944,
          2.8714817534607504
        ],
        [
          2.814619495848595,
          2.657002353887519,
          0.0,
          5.983571512132008,
          3.6011300352060007,
          2.3532344288273817,
          3.568591521183408,
          1.5890231002445239,
          3.448288376649139,
          2.4715706898227072,
          2.3497983305875074,
          2.891247683248317,
          2.229372217344299,
          2.52174110898076,
          1.8807744330795522,
          3.6738896511077903,
          1.866328686295111,
          2.799210700242759,
          3.0731950302791127,
          2.0524283298358132,
          1.5725091238101294,
          3.061767119445147,
          1.5385416566164876,
          3.89043318332008,
          2.881689749174113,
          1.8986170628282866,
          4.3898671236812135
        ],
        [
          3.6078137104267984,
          2.397331021831881,
          5.983571512132008,
          0.0,
          5.402995411873755,
          3.330873767671679,
          4.059446639270328,
          1.8261858718508543,
          3.0734038210712646,
          2.1386933743576226,
          3.22259521652528,
          2.400923585514379,
          2.3771830777151424,
          2.7507528212237844,
          3.03089027415824,
          3.204360300328271,
          2.2670667913321747,
          3.205006280301093,
          2.853024979659392,
          1.8662679691655661,
          2.325919219279051,
          2.594089731720017,
          1.5862205663125002,
          2.023623254691459,
          2.378446220546247,
          1.8372960620621002,
          4.973377940814972
        ],
        [
          3.0451538963036002,
          3.238615603369685,
          3.6011300352060007,
          5.402995411873755,
          0.0,
          3.4810901344646954,
          5.132095808509974,
          2.127647680647589,
          2.8327301348851166,
          2.857246240534995,
          3.4005553853347203,
          3.586972008547986,
          2.360779577175202,
          1.6442731032948295,
          2.7787909904589965,
          4.604214999479129,
          2.127233163771747,
          3.090044111062784,
          3.543870042429332,
          2.096631061203253,
          1.964840501339165,
          1.7914198919807751,
          1.1017772169966615,
          2.5319490011471704,
          3.1457954194695628,
          1.7816077385649924,
          3.0102549814963107
        ],
        [
          3.2024273310546807,
          1.6281644486335094,
          2.3532344288273817,
          3.330873767671679,
          3.4810901344646954,
          0.0,
          3.884078838577844,
          1.3012670882557218,
          3.562379494347086,
          1.6876351478483336,
          2.137124845299696,
          3.0686722635204813,
          1.5755006619951992,
          1.234566740640959,
          2.068733291506735,
          2.3760876639875947,
          1.5265538577621043,
          2.243985817736015,
          2.896969281085491,
          1.425705064269061,
          1.34597430140497,
          1.5337588232600448,
          0.9873872918167893,
          2.1645398963358704,
          1.7054781325255906,
          1.7534381667069239,
          2.5860229176276324
        ],
        [
          4.4154601537991525,
          3.5135971795481873,
          3.568591521183408,
          4.059446639270328,
          5.132095808509974,
          3.884078838577844,
          0.0,
          2.982885853627817,
          3.2549583033149063,
          3.6890250153827875,
          3.581542939251534,
          4.744934687220271,
          3.2123376829549914,
          3.81356949839302,
          5.53877142553912,
          4.207461718232485,
          2.5965338308445225,
          3.6143744538207194,
          3.925534947194737,
          2.72616182226311,
          2.2203513718960286,
          2.984376119352498,
          1.4819133301822867,
          2.709153411143875,
          3.621791086191444,
          2.792423864881584,
          4.15176391823265
        ],
        [
          1.767021342091426,
          2.145096528858366,
          1.5890231002445239,
          1.8261858718508543,
          2.127647680647589,
          1.3012670882557218,
          2.982885853627817,
          0.0,
          1.8034523966836746,
          2.1963576140969816,
          2.107741694199999,
          1.809203815067516,
          1.352143067028935,
          1.4246430413840925,
          1.5271952950134982,
          1.3445935069162416,
          0.9946491760817515,
          1.7565572877161395,
          1.7266529028747202,
          0.9798048320694164,
          0.7754739115640018,
          1.4942663373865415,
          0.8242884568541413,
          1.4823794776851935,
          1.1315663858366698,
          0.9116908044670499,
          2.002280147274049
        ],
        [
          2.1335655998450775,
          1.478590672924018,
          3.448288376649139,
          3.0734038210712646,
          2.8327301348851166,
          3.562379494347086,
          3.2549583033149063,
          1.8034523966836746,
          0.0,
          2.7814338249789134,
          4.541262025819006,
          2.2931036139484404,
          2.471744508842842,
          2.5111827895241148,
          3.6499821285017635,
          3.4372400078643377,
          2.0339427184108154,
          3.0681253224814444,
          2.3772410273083913,
          1.771435979205845,
          1.5250832578714877,
          1.4411846487041202,
          1.0505463335673966,
          1.8664072883535052,
          3.1117418889931785,
          1.8913412393103604,
          1.9556328806383207
        ],
        [
          2.229409215336635,
          1.105694110858111,
          2.4715706898227072,
          2.1386933743576226,
          2.857246240534995,
          1.6876351478483336,
          3.6890250153827875,
          2.1963576140969816,
          2.7814338249789134,
          0.0,
          3.8827369079808873,
          3.7313712552337184,
          3.2445134355945884,
          2.1963417850581526,
          3.4528566374793823,
          2.6342241926372005,
          1.8630740928494876,
          3.2284576627987063,
          3.898730978996789,
          2.338268508786582,
          1.0292181804145546,
          1.6565273343056761,
          0.9490153990071646,
          1.491297838213229,
          2.1543500868263608,
          1.5380125438900576,
          2.5902403537882552
        ],
        [
          3.1560723225310707,
          1.9475438352777774,
          2.3497983305875074,
          3.22259521652528,
          3.4005553853347203,
          2.137124845299696,
          3.581542939251534,
          2.107741694199999,
          4.541262025819006,
          3.8827369079808873,
          0.0,
          5.912758389169373,
          4.609882205948599,
          3.834748877619371,
          5.395741325775801,
          3.9091963612742,
          2.1824953495687875,
          4.405745563652272,
          4.865694921300718,
          3.0240945341788414,
          3.0419122744623746,
          3.2208870018810107,
          1.4161517048080032,
          2.473670246883263,
          3.037066037048103,
          2.6115855507509953,
          4.021916519481555
        ],
        [
          3.461671214231791,
          2.6701480507794435,
          2.891247683248317,
          2.400923585514379,
          3.586972008547986,
          3.0686722635204813,
          4.744934687220271,
          1.809203815067516,
          2.2931036139484404,
          3.7313712552337184,
          5.912758389169373,
          0.0,
          3.6900622508342624,
          3.7601497541852007,
          4.577667907261825,
          6.909115140350176,
          3.764101580771208,
          3.8523603809383467,
          4.634537013825806,
          2.5532395566404906,
          3.0016507373290606,
          3.122558606827031,
          1.6823004322892467,
          2.040298423621009,
          2.384724451822668,
          3.170916924113353,
          3.963437984172405
        ],
        [
          2.362040288237295,
          1.3568208307275844,
          2.229372217344299,
          2.3771830777151424,
          2.360779577175202,
          1.5755006619951992,
          3.2123376829549914,
          1.352143067028935,
          2.471744508842842,
          3.2445134355945884,
          4.609882205948599,
          3.6900622508342624,
          0.0,
          2.35997380135458,
          4.166945090358606,
          3.360341104808329,
          2.0710307964501027,
          3.3840521855749013,
          3.045450383199174,
          1.4800005367794078,
          1.2849254144299858,
          3.0506977314379142,
          1.2148342352852683,
          1.319034485525147,
          3.1582786107997918,
          1.1859755462924735,
          2.5496742277421567
        ],
        [
          2.7342263775530067,
          1.5750134031539191,
          2.52174110898076,
          2.7507528212237844,
          1.6442731032948295,
          1.234566740640959,
          3.81356949839302,
          1.4246430413840925,
          2.5111827895241148,
          2.1963417850581526,
          3.834748877619371,
          3.7601497541852007,
          2.35997380135458,
          0.0,
          3.8264393700333583,
          4.460055529700906,
          2.4379343735501853,
          3.70548354927293,
          3.2779802295110283,
          1.944055375386093,
          2.1280380094647238,
          2.487063764002413,
          1.4889187889788131,
          2.2089637716756965,
          3.429796263022855,
          1.2192782842439098,
          2.5533566426871683
        ],
        [
          3.7962693974588717,
          1.496350988020861,
          1.8807744330795522,
          3.03089027415824,
          2.7787909904589965,
          2.068733291506735,
          5.53877142553912,
          1.5271952950134982,
          3.6499821285017635,
          3.4528566374793823,
          5.395741325775801,
          4.577667907261825,
          4.166945090358606,
          3.8264393700333583,
          0.0,
          7.867355312265213,
          2.7792165064771055,
          4.779274285484359,
          5.675645338826267,
          3.003573743049123,
          2.2288382157691187,
          2.9769783680466504,
          1.6753995481448523,
          3.0495363283650385,
          3.5193440585095317,
          2.687832037297886,
          3.213264326434004
        ],
        [
          4.149031285648551,
          2.5450080605208676,
          3.6738896511077903,
          3.204360300328271,
          4.604214999479129,
          2.3760876639875947,
          4.207461718232485,
          1.3445935069162416,
          3.4372400078643377,
          2.6342241926372005,
          3.9091963612742,
          6.909115140350176,
          3.360341104808329,
          4.460055529700906,
          7.867355312265213,
          0.0,
          5.691292838662571,
          6.477759782454587,
          5.327575871288569,
          4.1141912551379916,
          2.7525836370999137,
          2.3751662629878423,
          1.892217336178166,
          4.213793210266872,
          3.197474698292649,
          3.3259229086347353,
          4.313065546450147
        ],
        [
          2.2905386696857395,
          1.3884641423524282,
          1.866328686295111,
          2.2670667913321747,
          2.127233163771747,
          1.5265538577621043,
          2.5965338308445225,
          0.9946491760817515,
          2.0339427184108154,
          1.8630740928494876,
          2.1824953495687875,
          3.764101580771208,
          2.0710307964501027,
          2.4379343735501853,
          2.7792165064771055,
          5.691292838662571,
          0.0,
          3.126568087994581,
          4.390391288492954,
          2.4030002610685934,
          1.7947362422419417,
          1.7337571039845592,
          1.760241047038772,
          3.2847444595540676,
          1.8128810765289014,
          2.6307719448791067,
          3.540573750262463
        ],
        [
          4.352419992234996,
          2.8096747362674726,
          2.799210700242759,
          3.205006280301093,
          3.090044111062784,
          2.243985817736015,
          3.6143744538207194,
          1.7565572877161395,
          3.0681253224814444,
          3.2284576627987063,
          4.405745563652272,
          3.8523603809383467,
          3.3840521855749013,
          3.70548354927293,
