{
  "model_name": "Qwen2.5-7B",
  "model_path": "Qwen/Qwen2.5-7B",
  "n_layers": 29,
  "prompts": [
    {
      "prompt": "The capital of France is",
      "expected": "Paris",
      "completion": "Paris. It is the largest city in France. Paris is also one of the most beautiful cities in",
      "correct": true,
      "C_acc": 635.5833501573412,
      "C_eff": 9.8983611593008,
      "cconc_acc": 0.17653467036989354,
      "layer_contributions": [
        46.819457194235234,
        32.08880507706246,
        44.07462046060648,
        35.36228427990285,
        34.45097070075523,
        56.53569344881645,
        45.47070844872748,
        48.554978145059636,
        43.25232241558335,
        64.32103851441966,
        46.18585153492981,
        29.350375680046426,
        56.68209361181846,
        66.35498485632979,
        55.35004808718053,
        46.69394814276705,
        52.34283431252318,
        52.05111698351979,
        44.401590270127414,
        39.80936978757818,
        53.01096905343186,
        51.93215317785423,
        64.1100779809848,
        39.16392711466721,
        39.30585635514069,
        37.597928509302285,
        45.892696171311314
      ],
      "D_layer": [
        0.2940967381000519,
        0.03054523803293705,
        0.0296401372179389,
        0.027694987785071134,
        0.02351841542404145,
        0.022136275330558418,
        0.022235587472096086,
        0.01957213121932,
        0.017203183355741204,
        0.015843662596307696,
        0.01724722646176815,
        0.01842116063926369,
        0.018102583335712553,
        0.019206181867048144,
        0.019567709951661526,
        0.019912123680114746,
        0.01943228328600526,
        0.01781357191503048,
        0.01623618605080992,
        0.015333753684535623,
        0.014243781159166247,
        0.012246049079112708,
        0.010311008791904896,
        0.009898263134527952,
        0.009138113935478032,
        0.007958743360359222,
        0.007353091135155409,
        0.0073414384649368005,
        0.002672337554395199
      ],
      "commutator_norms": [
        [
          0.0,
          2.143142409532019,
          2.387402630338859,
          1.4593673890734002,
          1.573261876946598,
          2.1929638216020004,
          1.553939456329819,
          1.5267439575769362,
          1.0484476985531619,
          2.803997724391203,
          1.430924347002523,
          1.0806637566470136,
          1.905618953144385,
          2.2496391923209864,
          1.6568698927078083,
          2.1443591945400606,
          1.8465830489725628,
          1.4390907725367659,
          1.8153519192205647,
          1.4762159901249365,
          2.3361250332951586,
          2.010031421240395,
          1.7013300773740778,
          1.8444832354473777,
          1.3226536334132089,
          1.4922964159137777,
          2.3779533459896336
        ],
        [
          2.143142409532019,
          0.0,
          2.0401894735681547,
          0.6859382909742779,
          1.5280975891175586,
          2.022125122707407,
          0.8475347764604316,
          1.188195810203024,
          1.2712796613592345,
          1.39309415601569,
          0.5820898367532195,
          0.9391312831785708,
          1.0231847622740105,
          2.0048268498865376,
          1.3495161700168228,
          1.006395295782827,
          1.517394002221784,
          1.0680351848620995,
          0.991633972450385,
          0.9823471508952413,
          1.0556208863834349,
          1.1632985186704974,
          1.2930662937304533,
          1.0195355544057585,
          1.0876425260423594,
          0.5816279152944995,
          1.30386158427616
        ],
        [
          2.387402630338859,
          2.0401894735681547,
          0.0,
          2.4477643546819383,
          1.9181863829132941,
          2.3937722561655974,
          1.2427054080031947,
          1.7684153785980758,
          1.634878288173127,
          1.9483189351598216,
          2.170994070501077,
          1.2118119336032163,
          2.5782041530252156,
          1.6652333942271156,
          1.2514182290268212,
          0.996612372712527,
          1.519149432635961,
          1.9624099804008979,
          1.323852004315927,
          0.8318255564687984,
          1.5884927020498718,
          1.3993098674528377,
          1.2941920355719911,
          1.286975337726666,
          1.097273687344439,
          1.4679727368743858,
          2.647259859066681
        ],
        [
          1.4593673890734002,
          0.6859382909742779,
          2.4477643546819383,
          0.0,
          1.318119691612456,
          3.03024669786365,
          1.039893446547138,
          1.2646450943875032,
          1.5385631793567642,
          2.2191080302164496,
          1.0389581822890421,
          0.9424333237308967,
          1.6756984828109218,
          1.8231527439716986,
          1.1482262243935843,
          0.6428197565350718,
          0.7733229325528147,
          1.5984841321333647,
          1.2146806118509814,
          0.9494110103830248,
          1.7101132372142114,
          0.9230577726451608,
          1.4888678487300995,
          1.0155905517760118,
          0.8882729779797742,
          0.8402620865173166,
          1.6852862296753017
        ],
        [
          1.573261876946598,
          1.5280975891175586,
          1.9181863829132941,
          1.318119691612456,
          0.0,
          2.7544740731988258,
          0.9128178519481583,
          1.1925561355145564,
          1.4019182939352908,
          1.538205690494619,
          0.944344161179271,
          0.7593895422560112,
          1.724714385775389,
          1.6740811345183932,
          1.0364182242415365,
          0.9534428853587187,
          1.2802592072297212,
          1.6878821839680658,
          1.4033184258953033,
          0.8867182297788778,
          1.819593940625412,
          0.9503766034796394,
          1.2910362495392227,
          0.710015775551449,
          0.9324356458298348,
          0.7566204208225199,
          1.5026860990245026
        ],
        [
          2.1929638216020004,
          2.022125122707407,
          2.3937722561655974,
          3.03024669786365,
          2.7544740731988258,
          0.0,
          3.113101585321104,
          3.9306990690013017,
          1.8332225481025946,
          3.2687218074925504,
          2.154317069795245,
          1.4674801693500463,
          2.873225159028602,
          2.645954919434668,
          3.0650205407428976,
          1.1979277251741618,
          1.2773720023261563,
          1.732759970914756,
          1.7887766441553292,
          1.4146704804921444,
          2.4262440306684288,
          1.8009062919522487,
          1.3056035402622117,
          0.9365978246487517,
          2.3161798569209546,
          1.2271695156567108,
          2.3661607258381134
        ],
        [
          1.553939456329819,
          0.8475347764604316,
          1.2427054080031947,
          1.039893446547138,
          0.9128178519481583,
          3.113101585321104,
          0.0,
          3.125687506749881,
          1.8459413596392793,
          2.6479189368619576,
          1.4002575727766118,
          0.8483420501727726,
          1.9011191833997345,
          2.5019820933104344,
          2.6649215308293863,
          1.7223558534108998,
          2.1993626804653394,
          2.221955895033098,
          2.1597480774054842,
          1.2151775679232681,
          1.6474763170910212,
          0.998846439997873,
          1.654452404237561,
          1.2697058730553432,
          1.4384711384097069,
          1.5899517849074754,
          1.7070416584405093
        ],
        [
          1.5267439575769362,
          1.188195810203024,
          1.7684153785980758,
          1.2646450943875032,
          1.1925561355145564,
          3.9306990690013017,
          3.125687506749881,
          0.0,
          3.4229307158483255,
          2.57151341570677,
          2.6509390374068276,
          1.0761765313332738,
          1.3512955547919359,
          2.955163082864214,
          1.958800864803667,
          1.1979452999065716,
          2.6096989804936395,
          1.787342736484002,
          1.5184778729467976,
          2.3058419633070284,
          1.1945757394143797,
          1.7636150702378757,
          2.5101459825237313,
          0.9357246605844525,
          0.8905003262565472,
          0.8182512232656769,
          1.0390961348526335
        ],
        [
          1.0484476985531619,
          1.2712796613592345,
          1.634878288173127,
          1.5385631793567642,
          1.4019182939352908,
          1.8332225481025946,
          1.8459413596392793,
          3.4229307158483255,
          0.0,
          4.57116835339865,
          1.7357986069377012,
          1.189752261205554,
          1.986010040907971,
          2.457365237704537,
          1.9410678514144948,
          2.0027566116238376,
          1.8206241822576053,
          1.3826414114644656,
          1.0411746465313205,
          2.037335347006139,
          1.642593741477182,
          0.8703482431531048,
          1.1072207601401904,
          0.8923837969692018,
          0.8268904859186337,
          0.7601638385175201,
          0.9898452539874718
        ],
        [
          2.803997724391203,
          1.39309415601569,
          1.9483189351598216,
          2.2191080302164496,
          1.538205690494619,
          3.2687218074925504,
          2.6479189368619576,
          2.57151341570677,
          4.57116835339865,
          0.0,
          3.600932303549823,
          1.7565441088146143,
          3.8995824291582806,
          3.393832401110993,
          3.3164740737234215,
          1.7229524372813216,
          1.8440081785526359,
          2.867911425003779,
          2.361394525909681,
          1.6347992013105166,
          2.9621331357754537,
          2.2663414778263604,
          3.1262463108431695,
          1.2292536175318511,
          1.7265904515998856,
          1.8208762931375646,
          1.8291190935525967
        ],
        [
          1.430924347002523,
          0.5820898367532195,
          2.170994070501077,
          1.0389581822890421,
          0.944344161179271,
          2.154317069795245,
          1.4002575727766118,
          2.6509390374068276,
          1.7357986069377012,
          3.600932303549823,
          0.0,
          1.1690484199614604,
          2.7546945205615576,
          2.870128364239175,
          1.7202080023768582,
          1.6704395050972747,
          2.086423684533061,
          2.017150290505347,
          1.359582364644923,
          2.4440308632670686,
          0.8463916435762847,
          1.6425102043687358,
          2.1885394532486484,
          1.2112486371330864,
          1.5325793231028886,
          1.6721010741504443,
          1.2912199959716633
        ],
        [
          1.0806637566470136,
          0.9391312831785708,
          1.2118119336032163,
          0.9424333237308967,
          0.7593895422560112,
          1.4674801693500463,
          0.8483420501727726,
          1.0761765313332738,
          1.189752261205554,
          1.7565441088146143,
          1.1690484199614604,
          0.0,
          1.952988148272287,
          1.43703779583834,
          1.1020138048604473,
          0.8962080628046952,
          0.9498752544939334,
          1.408292373271249,
          1.3982894428533708,
          0.8152613095597103,
          1.2700749725297198,
          1.250391180783425,
          1.1050477112172752,
          0.6821123802363221,
          0.6454266895179631,
          0.9350024872086725,
          1.061580686345589
        ],
        [
          1.905618953144385,
          1.0231847622740105,
          2.5782041530252156,
          1.6756984828109218,
          1.724714385775389,
          2.873225159028602,
          1.9011191833997345,
          1.3512955547919359,
          1.986010040907971,
          3.8995824291582806,
          2.7546945205615576,
          1.952988148272287,
          0.0,
          5.195760871042374,
          3.1775805411415847,
          2.8490607342538676,
          1.501726415141953,
          2.4902967428258793,
          1.6147218398168897,
          1.6764904590517566,
          2.091055406547133,
          2.977276657584727,
          2.91841482441589,
          1.6213260531636908,
          0.7075995797674561,
          1.1077306365351454,
          1.126717077379829
        ],
        [
          2.2496391923209864,
          2.0048268498865376,
          1.6652333942271156,
          1.8231527439716986,
          1.6740811345183932,
          2.645954919434668,
          2.5019820933104344,
          2.955163082864214,
          2.457365237704537,
          3.393832401110993,
          2.870128364239175,
          1.43703779583834,
          5.195760871042374,
          0.0,
          3.9514040574651115,
          4.013766671294566,
          2.2600074718007597,
          3.447103170672044,
          2.0734717428979725,
          1.8794980240578893,
          3.1002607794242643,
          3.607036837796222,
          3.3334169020798883,
          0.9228350441330583,
          1.7643889999436597,
          1.4294006651569524,
          1.6982364091379363
        ],
        [
          1.6568698927078083,
          1.3495161700168228,
          1.2514182290268212,
          1.1482262243935843,
          1.0364182242415365,
          3.0650205407428976,
          2.6649215308293863,
          1.958800864803667,
          1.9410678514144948,
          3.3164740737234215,
          1.7202080023768582,
          1.1020138048604473,
          3.1775805411415847,
          3.9514040574651115,
          0.0,
          3.024861459487944,
          2.825894134941261,
          1.8742548365050105,
          2.1221795103752488,
          1.896274462096035,
          2.3530614651186315,
          1.999676961066742,
          3.317294262378713,
          1.5802794515324792,
          2.209195417632503,
          1.5175374804890884,
          1.2895986378124478
        ],
        [
          2.1443591945400606,
          1.006395295782827,
          0.996612372712527,
          0.6428197565350718,
          0.9534428853587187,
          1.1979277251741618,
          1.7223558534108998,
          1.1979452999065716,
          2.0027566116238376,
          1.7229524372813216,
          1.6704395050972747,
          0.8962080628046952,
          2.8490607342538676,
          4.013766671294566,
          3.024861459487944,
          0.0,
          3.102257640115459,
          1.9996424421902792,
          1.578084565902887,
          1.5215668069341806,
          1.6229802180879869,
          2.2586704039833863,
          2.95835247742874,
          1.4296563465679932,
          0.935802029312541,
          1.5717332340342283,
          1.673298112945021
        ],
        [
          1.8465830489725628,
          1.517394002221784,
          1.519149432635961,
          0.7733229325528147,
          1.2802592072297212,
          1.2773720023261563,
          2.1993626804653394,
          2.6096989804936395,
          1.8206241822576053,
          1.8440081785526359,
          2.086423684533061,
          0.9498752544939334,
          1.501726415141953,
          2.2600074718007597,
          2.825894134941261,
          3.102257640115459,
          0.0,
          4.611394376911967,
          2.364696730209379,
          2.5636550031874905,
          2.5480505876307005,
          2.3452875418704595,
          2.687463187883469,
          1.9138264425505962,
          1.6540907134918434,
          0.9819405680049149,
          1.2584699120477127
        ],
        [
          1.4390907725367659,
          1.0680351848620995,
          1.9624099804008979,
          1.5984841321333647,
          1.6878821839680658,
          1.732759970914756,
          2.221955895033098,
          1.787342736484002,
          1.3826414114644656,
          2.867911425003779,
          2.017150290505347,
          1.408292373271249,
          2.4902967428258793,
          3.447103170672044,
          1.8742548365050105,
          1.9996424421902792,
          4.611394376911967,
          0.0,
          3.157380323493477,
          1.1852865476654413,
          3.223702866387434,
          1.6580892042965105,
          2.2796558994467784,
          1.7068753524984366,
          0.9736690811980815,
          0.7269467535036681,
          1.5428630293468923
        ],
        [
          1.8153519192205647,
          0.991633972450385,
          1.323852004315927,
          1.2146806118509814,
          1.4033184258953033,
          1.7887766441553292,
          2.1597480774054842,
          1.5184778729467976,
          1.0411746465313205,
          2.361394525909681,
          1.359582364644923,
          1.3982894428533708,
          1.6147218398168897,
          2.0734717428979725,
          2.1221795103752488,
          1.578084565902887,
          2.364696730209379,
          3.157380323493477,
          0.0,
          1.0108483157903463,
          2.413612304888249,
          1.824727272601673,
          1.7282722340324421,
          1.594177627777108,
          1.3109450101703775,
          1.068948521534986,
          2.1632437624563132
        ],
        [
          1.4762159901249365,
          0.9823471508952413,
          0.8318255564687984,
          0.9494110103830248,
          0.8867182297788778,
          1.4146704804921444,
          1.2151775679232681,
          2.3058419633070284,
          2.037335347006139,
          1.6347992013105166,
          2.4440308632670686,
          0.8152613095597103,
          1.6764904590517566,
          1.8794980240578893,
          1.896274462096035,
          1.5215668069341806,
          2.5636550031874905,
          1.1852865476654413,
          1.0108483157903463,
          0.0,
          1.7981010700495728,
          2.1667320713339944,
          3.7591798780960755,
          1.264435309861586,
          0.6142043985635339,
          0.6531879561597147,
          0.8262748142138102
        ],
        [
          2.3361250332951586,
          1.0556208863834349,
          1.5884927020498718,
          1.7101132372142114,
          1.819593940625412,
          2.4262440306684288,
          1.6474763170910212,
          1.1945757394143797,
          1.642593741477182,
          2.9621331357754537,
          0.8463916435762847,
          1.2700749725297198,
          2.091055406547133,
          3.1002607794242643,
          2.3530614651186315,
          1.6229802180879869,
          2.5480505876307005,
          3.223702866387434,
          2.413612304888249,
          1.7981010700495728,
          0.0,
          2.7830745672897503,
          4.631129323398159,
          1.4218087584135195,
          1.577843049169135,
          0.9341046680556437,
          2.01274860887112
        ],
        [
          2.010031421240395,
          1.1632985186704974,
          1.3993098674528377,
          0.9230577726451608,
          0.9503766034796394,
          1.8009062919522487,
          0.998846439997873,
          1.7636150702378757,
          0.8703482431531048,
          2.2663414778263604,
          1.6425102043687358,
          1.250391180783425,
          2.977276657584727,
          3.607036837796222,
          1.999676961066742,
          2.2586704039833863,
          2.3452875418704595,
          1.6580892042965105,
          1.824727272601673,
          2.1667320713339944,
          2.7830745672897503,
          0.0,
          5.488521643564439,
          1.866627577801632,
          1.8020767461990643,
          1.804000284937485,
          2.3113223157199934
        ],
        [
          1.7013300773740778,
          1.2930662937304533,
          1.2941920355719911,
          1.4888678487300995,
          1.2910362495392227,
          1.3056035402622117,
          1.654452404237561,
          2.5101459825237313,
          1.1072207601401904,
          3.1262463108431695,
          2.1885394532486484,
          1.1050477112172752,
          2.91841482441589,
          3.3334169020798883,
          3.317294262378713,
          2.95835247742874,
          2.687463187883469,
          2.2796558994467784,
          1.7282722340324421,
          3.7591798780960755,
          4.631129323398159,
          5.488521643564439,
          0.0,
          4.929504436036858,
          2.1580131364954487,
          2.0634846982545545,
          1.791626410054701
        ],
        [
          1.8444832354473777,
          1.0195355544057585,
          1.286975337726666,
          1.0155905517760118,
          0.710015775551449,
          0.9365978246487517,
          1.2697058730553432,
          0.9357246605844525,
          0.8923837969692018,
          1.2292536175318511,
          1.2112486371330864,
          0.6821123802363221,
          1.6213260531636908,
          0.9228350441330583,
          1.5802794515324792,
          1.4296563465679932,
          1.9138264425505962,
          1.7068753524984366,
          1.594177627777108,
          1.264435309861586,
          1.4218087584135195,
          1.866627577801632,
          4.929504436036858,
          0.0,
          2.944424118156172,
          1.1642726740002378,
          1.7702506771075734
        ],
        [
          1.3226536334132089,
          1.0876425260423594,
          1.097273687344439,
          0.8882729779797742,
          0.9324356458298348,
          2.3161798569209546,
          1.4384711384097069,
          0.8905003262565472,
          0.8268904859186337,
          1.7265904515998856,
          1.5325793231028886,
          0.6454266895179631,
          0.7075995797674561,
          1.7643889999436597,
          2.209195417632503,
          0.935802029312541,
          1.6540907134918434,
          0.9736690811980815,
          1.3109450101703775,
          0.6142043985635339,
          1.577843049169135,
          1.8020767461990643,
          2.1580131364954487,
          2.944424118156172,
          0.0,
          3.9670480859383384,
          1.981639246766345
        ],
        [
          1.4922964159137777,
          0.5816279152944995,
          1.4679727368743858,
          0.8402620865173166,
          0.7566204208225199,
          1.2271695156567108,
          1.5899517849074754,
          0.8182512232656769,
          0.7601638385175201,
          1.8208762931375646,
          1.6721010741504443,
          0.9350024872086725,
          1.1077306365351454,
          1.4294006651569524,
          1.5175374804890884,
          1.5717332340342283,
          0.9819405680049149,
          0.7269467535036681,
          1.068948521534986,
          0.6531879561597147,
          0.9341046680556437,
          1.804000284937485,
          2.0634846982545545,
          1.1642726740002378,
          3.9670480859383384,
          0.0,
          4.645296490430769
        ],
        [
          2.3779533459896336,
          1.30386158427616,
          2.647259859066681,
          1.6852862296753017,
          1.5026860990245026,
          2.3661607258381134,
          1.7070416584405093,
          1.0390961348526335,
          0.9898452539874718,
          1.8291190935525967,
          1.2912199959716633,
          1.061580686345589,
          1.126717077379829,
          1.6982364091379363,
          1.2895986378124478,
          1.673298112945021,
          1.2584699120477127,
          1.5428630293468923,
          2.1632437624563132,
          0.8262748142138102,
          2.01274860887112,
          2.3113223157199934,
          1.791626410054701,
          1.7702506771075734,
          1.981639246766345,
          4.645296490430769,
          0.0
        ]
      ],
      "n_generators": 27
    },
    {
      "prompt": "The chemical formula for water is",
      "expected": "H2O",
      "completion": "H2O, which indicates that water is composed of ____.\nA. Hydrogen and oxygen",
      "correct": true,
      "C_acc": 793.6727443896253,
      "C_eff": 23.512142711677722,
      "cconc_acc": 0.17862396678994716,
      "layer_contributions": [
        55.518352739009394,
        60.11025404096315,
        48.32928080729937,
        73.03381117935339,
        50.28706362415743,
        70.54485738896396,
        58.44434878722066,
        70.17579962442883,
        26.904168584704667,
        77.04124559037133,
        76.96508163086918,
        39.28079552457525,
        49.98990943795706,
        49.14192478662769,
        68.24566418681228,
        53.828432986431125,
        73.8875272337471,
        80.23229687489868,
        49.058148197115734,
        72.06961284385899,
        58.57257872220192,
        61.147098221241684,
        51.82067178447712,
        60.26097165224012,
        55.33510282373657,
        37.16799668137022,
        59.95249282461714
      ],
      "D_layer": [
        1.2802686989307404,
        0.1032537892460823,
        0.08993750500182311,
        0.07929198009272416,
        0.06417698393731068,
        0.0578020903825139,
        0.0528756200025479,
        0.045036764931865036,
        0.03759809769690037,
        0.03419496530356506,
        0.034511341558148466,
        0.03162995039019734,
        0.030531607723484438,
        0.031275673575388886,
        0.030855544842779636,
        0.029309423679175477,
        0.029394181173605222,
        0.02815051272045821,
        0.02596375175441305,
        0.022833425862093765,
        0.02162394393235445,
        0.01924690173473209,
        0.016032666705238324,
        0.01555606433733677,
        0.01348466903436929,
        0.013328161051807305,
        0.010233764381458363,
        0.0077633310308253085,
        0.003464945281545321
      ],
      "commutator_norms": [
        [
          0.0,
          3.0503472567606433,
          1.8082458719286496,
          2.377880857333644,
          1.7897638037443468,
          2.480749917228425,
          2.0960271437753404,
          2.210531542376996,
          0.8819138184702591,
          2.815906608113845,
          3.1780242211708916,
          1.3992619168051263,
          1.8914985209244448,
          1.4312184499372091,
          2.4721713343055884,
          1.9791207381415512,
          2.209370169561905,
          2.7781803741703444,
          1.623152658385354,
          2.8458489204987436,
          3.099639531489537,
          2.263281493394166,
          1.8176492784925251,
          2.030019683824023,
          1.9442426250041445,
          1.5753543802155816,
          1.468951622956114
        ],
        [
          3.0503472567606433,
          0.0,
          3.173340105123367,
          2.0580434867631294,
          2.527174028460533,
          2.640241170455225,
          1.5686437664146544,
          3.0741754117813174,
          1.092141047209916,
          3.673488111763918,
          3.0588222397411027,
          1.935587431867508,
          2.0804556254888715,
          1.2223683613214018,
          1.9100404977826062,
          1.9169192632854195,
          3.069763546638696,
          3.007789089057946,
          1.4715556095115296,
          2.0029403088693294,
          1.9922685716661004,
          1.638772895693011,
          1.8447110587175763,
          2.961632620593647,
          2.8480024434399613,
          1.2611458546200125,
          3.029884237935731
        ],
        [
          1.8082458719286496,
          3.173340105123367,
          0.0,
          3.027487286175211,
          1.714842026732878,
          2.4878773715612894,
          2.307264512227804,
          3.6043158989318997,
          0.944462028821461,
          2.602975391766419,
          2.1977781440605013,
          0.6650442451092606,
          0.810474789735986,
          1.1640792142601948,
          2.4128611242449898,
          1.964219426172306,
          2.272892621697047,
          2.271306667309449,
          1.2434616786258945,
          1.060906190543747,
          1.7633524477124853,
          1.1126466124871346,
          1.5329659583390112,
          1.8497795427607753,
          1.4975342131554468,
          0.9456259290801278,
          1.8935415087360365
        ],
        [
          2.377880857333644,
          2.0580434867631294,
          3.027487286175211,
          0.0,
          3.0672756936371948,
          4.309721993076951,
          2.57490530383395,
          2.9313681133830296,
          1.392327709624879,
          3.4869578132393393,
          4.830577985856289,
          2.2241270697754993,
          3.3943271136276247,
          1.6939845661299422,
          3.35875200096989,
          2.576978234683482,
          3.234389384081759,
          4.0199063813260025,
          2.302431207684084,
          3.144685125247208,
          2.77152102543533,
          3.6328052055136264,
          2.07139446075675,
          2.6573775434821525,
          1.7630714091847945,
          1.2682018278709957,
          2.8633123806606484
        ],
        [
          1.7897638037443468,
          2.527174028460533,
          1.714842026732878,
          3.0672756936371948,
          0.0,
          3.491532496306966,
          2.4602999353784005,
          2.2917575596596396,
          1.3020403387948547,
          2.7257877310772862,
          2.3659457041455507,
          1.0719470485427753,
          1.6384651681807585,
          1.2496683552937693,
          1.962403645859477,
          2.5620458655014327,
          2.346080370140424,
          1.6587959739471845,
          1.4746660293429614,
          2.1613076751559634,
          1.4880343317669864,
          1.5529805860761547,
          1.3772115487684018,
          1.5485333378198833,
          1.6035789018718567,
          1.1359206967595574,
          1.719004771192199
        ],
        [
          2.480749917228425,
          2.640241170455225,
          2.4878773715612894,
          4.309721993076951,
          3.491532496306966,
          0.0,
          4.248724847305765,
          4.129681825629003,
          1.6822493968116807,
          4.218309835485678,
          3.2707356926465647,
          1.630598835113964,
          1.5625403496864814,
          1.7718893228227663,
          3.0573979671175673,
          3.4916936833196752,
          3.858715342956315,
          3.1117115375125644,
          1.482975481293083,
          2.3552665566583033,
          1.9779456428865285,
          1.9468073473740146,
          1.5354069378276431,
          2.3638227462585517,
          2.401129720098465,
          1.5036299323213478,
          3.533501439209154
        ],
        [
          2.0960271437753404,
          1.5686437664146544,
          2.307264512227804,
          2.57490530383395,
          2.4602999353784005,
          4.248724847305765,
          0.0,
          4.70841395308037,
          1.3621093092981822,
          2.538994155507286,
          2.6416114376132733,
          0.9838423372373517,
          1.4925796685846553,
          2.930357065756511,
          1.9798483185902456,
          2.3752544400043836,
          2.114905452186586,
          3.408073105682976,
          1.6318841321036046,
          2.385636895737771,
          2.24696706053365,
          1.5649347846927024,
          1.2485018393999463,
          1.6738149178716781,
          2.5585970660642308,
          1.2840327064576074,
          2.05812463188173
        ],
        [
          2.210531542376996,
          3.0741754117813174,
          3.6043158989318997,
          2.9313681133830296,
          2.2917575596596396,
          4.129681825629003,
          4.70841395308037,
          0.0,
          1.2149569620609515,
          3.3367556232502285,
          3.5775851571953208,
          1.962578163239609,
          1.779758855506105,
          3.7394782488772664,
          3.47502179105327,
          2.890201478751557,
          1.759756089592537,
          3.2179566652650737,
          1.6597537207132738,
          3.2049261823181174,
          1.6610021712282235,
          2.726267245606077,
          2.2624105451913037,
          2.7188653762178117,
          2.682453656188982,
          1.1958489975995805,
          2.159978389731297
        ],
        [
          0.8819138184702591,
          1.092141047209916,
          0.944462028821461,
          1.392327709624879,
          1.3020403387948547,
          1.6822493968116807,
          1.3621093092981822,
          1.2149569620609515,
          0.0,
          1.5797666426715713,
          1.0251834308419554,
          0.9599202888806059,
          0.8617052474340305,
          1.141269605237976,
          1.0685239798479707,
          0.8853273160099568,
          1.092876186816598,
          0.9698351375643882,
          0.7375198338785869,
          0.9856651984717991,
          0.6734014022597582,
          0.8084995959104446,
          0.7075591206111062,
          0.8700071343531779,
          0.9391807122019711,
          0.5814275978461586,
          1.1442995427744336
        ],
        [
          2.815906608113845,
          3.673488111763918,
          2.602975391766419,
          3.4869578132393393,
          2.7257877310772862,
          4.218309835485678,
          2.538994155507286,
          3.3367556232502285,
          1.5797666426715713,
          0.0,
          5.098297230993109,
          1.875434922286719,
          2.9776107344858818,
          1.956711945937381,
          3.6655080307179655,
          1.8304062866771618,
          3.945606108949993,
          4.191913383275428,
          2.0062507121977946,
          4.36277456226261,
          2.5416753384550628,
          3.3226882738347436,
          2.4339819215570078,
          3.322358282813283,
          2.45672651412793,
          1.3970505979829135,
          2.6773088309407713
        ],
        [
          3.1780242211708916,
          3.0588222397411027,
          2.1977781440605013,
          4.830577985856289,
          2.3659457041455507,
          3.2707356926465647,
          2.6416114376132733,
          3.5775851571953208,
          1.0251834308419554,
          5.098297230993109,
          0.0,
          1.78126262732029,
          2.8913044016803777,
          2.3743943220570354,
          4.151074823428301,
          3.203334478132602,
          3.552842159195822,
          3.1082557774206947,
          1.48464040198927,
          6.34224760993895,
          1.889944931494934,
          2.445292409448103,
          2.81959958340489,
          2.8316044781195693,
          2.3777775409380033,
          1.606037928382289,
          2.860906913653479
        ],
        [
          1.3992619168051263,
          1.935587431867508,
          0.6650442451092606,
          2.2241270697754993,
          1.0719470485427753,
          1.630598835113964,
          0.9838423372373517,
          1.962578163239609,
          0.9599202888806059,
          1.875434922286719,
          1.78126262732029,
          0.0,
          1.7871576882072062,
          1.3893802739691206,
          1.3275907244541623,
          1.0863865931880485,
          2.32285545158337,
          2.2708264868386077,
          1.5554010274280747,
          1.7947901879626484,
          2.4818916247652325,
          1.248754079759985,
          0.97000430748192,
          1.1863642656301603,
          1.439743349118791,
          0.5407880702001207,
          1.389256507809085
        ],
        [
          1.8914985209244448,
          2.0804556254888715,
          0.810474789735986,
          3.3943271136276247,
          1.6384651681807585,
          1.5625403496864814,
          1.4925796685846553,
          1.779758855506105,
          0.8617052474340305,
          2.9776107344858818,
          2.8913044016803777,
          1.7871576882072062,
          0.0,
          3.102767126646551,
          2.9245517975880135,
          1.1191739307854007,
          1.6677147539457953,
          2.010063827249879,
          1.3299301319556682,
          2.4100072169643885,
          2.1204650368600118,
          2.7761827182743337,
          2.0728775192018976,
          1.4697282267667617,
          1.460714211353301,
          0.8457999189505414,
          1.5120548578721025
        ],
        [
          1.4312184499372091,
          1.2223683613214018,
          1.1640792142601948,
          1.6939845661299422,
          1.2496683552937693,
          1.7718893228227663,
          2.930357065756511,
          3.7394782488772664,
          1.141269605237976,
          1.956711945937381,
          2.3743943220570354,
          1.3893802739691206,
          3.102767126646551,
          0.0,
          2.4690464524343088,
          1.8332570691793602,
          2.1434401165528443,
          3.361033389702116,
          1.6909982016493492,
          2.631240408075033,
          1.3759712050005632,
          2.2565902665287023,
          1.7894457014497398,
          1.4819846463559196,
          1.0850350780746532,
          0.5042625673658843,
          1.3520528260120874
        ],
        [
          2.4721713343055884,
          1.9100404977826062,
          2.4128611242449898,
          3.35875200096989,
          1.962403645859477,
          3.0573979671175673,
          1.9798483185902456,
          3.47502179105327,
          1.0685239798479707,
          3.6655080307179655,
          4.151074823428301,
          1.3275907244541623,
          2.9245517975880135,
          2.4690464524343088,
          0.0,
          3.072478878998949,
          4.4774969842262475,
          2.7619120631891794,
          1.9575205146665748,
          3.284612832400896,
          1.9742368244598056,
          3.666759653948158,
          2.506211801564226,
          2.5296429282103823,
          1.808039253235139,
          1.427983248013679,
          2.5439767155046873
        ],
        [
          1.9791207381415512,
          1.9169192632854195,
          1.964219426172306,
          2.576978234683482,
          2.5620458655014327,
          3.4916936833196752,
          2.3752544400043836,
          2.890201478751557,
          0.8853273160099568,
          1.8304062866771618,
          3.203334478132602,
          1.0863865931880485,
          1.1191739307854007,
          1.8332570691793602,
          3.072478878998949,
          0.0,
          3.4170489427579107,
          3.4770969305685027,
          2.0790034977978977,
          2.3734729768571414,
          1.272345505777303,
          1.7139585493552696,
          1.3059562307309502,
          1.6363072715403242,
          1.670136230707319,
          0.7784522242290085,
          1.3178569432782206
        ],
        [
          2.209370169561905,
          3.069763546638696,
          2.272892621697047,
          3.234389384081759,
          2.346080370140424,
          3.858715342956315,
          2.114905452186586,
          1.759756089592537,
          1.092876186816598,
          3.945606108949993,
          3.552842159195822,
          2.32285545158337,
          1.6677147539457953,
          2.1434401165528443,
          4.4774969842262475,
          3.4170489427579107,
          0.0,
          5.675465666621664,
          2.9934582011434974,
          3.2567564782035197,
          3.415805490011658,
          2.3414076022125143,
          3.002811260744867,
          3.2831880063270478,
          2.7165841329209677,
          1.4035218906789133,
          2.312774823998593
        ],
        [
          2.7781803741703444,
          3.007789089057946,
          2.271306667309449,
          4.0199063813260025,
          1.6587959739471845,
          3.1117115375125644,
          3.408073105682976,
          3.2179566652650737,
          0.9698351375643882,
          4.191913383275428,
          3.1082557774206947,
          2.2708264868386077,
          2.010063827249879,
