{
  "model_name": "Qwen2.5-32B",
  "model_path": "Qwen/Qwen2.5-32B",
  "n_layers": 65,
  "prompts": [
    {
      "prompt": "The capital of France is",
      "expected": "Paris",
      "completion": "Paris. \uff08\u5bf9\u5212\u7ebf\u90e8\u5206\u63d0\u95ee\uff09 ____ the capital of France\uff1f\nWhat is\n\n\u9605\u8bfb\u4e0b\u9762",
      "correct": true,
      "C_acc": 3626.5754819583485,
      "C_eff": 13.565682208792406,
      "cconc_acc": 0.08592240562481698,
      "layer_contributions": [
        53.1937255839498,
        63.785749353133816,
        83.43552016798071,
        74.65312919622497,
        129.27554372739507,
        105.41715736014267,
        98.51392931664678,
        109.56078497116631,
        125.40316072736691,
        40.889533073832844,
        132.84567018638253,
        178.45205213741673,
        95.20511799725682,
        154.26141915537454,
        155.54469354665574,
        161.0582199010856,
        123.78274645353895,
        116.91586561352736,
        165.66289129221738,
        152.06438903876423,
        62.140513101385686,
        134.9943931996846,
        112.35273028422944,
        113.86817351964348,
        108.72515389640698,
        97.1767309630296,
        113.51405954625163,
        144.42626252721598,
        147.44832108522152,
        109.9137128472707,
        67.85090012371543,
        130.36195541789428,
        130.9079627709356,
        128.825505218649,
        133.39223226361972,
        153.24480913316856,
        119.66611968888495,
        141.55768285471734,
        131.90806317893313,
        138.07555465709302,
        78.76198773703655,
        149.06887354705577,
        111.71526386066401,
        130.15280515652833,
        129.21475847958072,
        122.91233560347293,
        107.12731118069752,
        155.28362975176935,
        134.85714233973053,
        48.158940890613124,
        89.21909513298979,
        74.44717705717463,
        88.2893186384244,
        58.38307989473523,
        119.78657920837699,
        110.58930473767147,
        84.78002532973596,
        134.73528174916433,
        146.2239421543007,
        115.31618856406693,
        98.13771303209145,
        90.50306666163577,
        135.21500813116904
      ],
      "D_layer": [
        0.14177214801311494,
        0.011774116940796376,
        0.0119354285299778,
        0.011522323917597532,
        0.0110040791798383,
        0.00987266751471907,
        0.009209233243018389,
        0.008996710029896349,
        0.008834119443781674,
        0.008971708407625557,
        0.008865661255549639,
        0.008599015860818326,
        0.008486968441866338,
        0.007691688009072095,
        0.007418074179440737,
        0.007168400613591075,
        0.0065553153515793385,
        0.0061621034343261275,
        0.005949890520423651,
        0.005916028883075341,
        0.005676680849865079,
        0.0054044379387050865,
        0.004951050004456193,
        0.004831004457082599,
        0.004823018959723413,
        0.004760930081829429,
        0.004815556551329791,
        0.004501678474480286,
        0.004375390935456381,
        0.0044353219622280445,
        0.004046644171467051,
        0.0039975604508072134,
        0.004095536883687601,
        0.004119144176365807,
        0.003994737658649683,
        0.003959013661369681,
        0.004053934611147269,
        0.003807832326856442,
        0.0035979176260298117,
        0.0034528871445218103,
        0.003329864458646625,
        0.002898742811521515,
        0.0026647213817341253,
        0.0025705402251332997,
        0.0023613083059899507,
        0.0021061354607809337,
        0.0017347361106658354,
        0.0014625543990405276,
        0.0012988530710572378,
        0.0011528610484674573,
        0.0009905341255944222,
        0.000970999465789646,
        0.0009113864405662752,
        0.000832616190018598,
        0.000804558297386393,
        0.0007900298165623099,
        0.0007781272128340788,
        0.0007460833017830737,
        0.0007446253599482589,
        0.0007414749590680004,
        0.0007131647158530541,
        0.0006485619160230272,
        0.000570699509989936,
        0.0005181203989195638,
        0.000334531650878489
      ],
      "commutator_norms": [
        [
          0.0,
          0.8815745084360032,
          0.7952937490071951,
          1.0283446810122625,
          1.0584223681399891,
          1.1066969836852318,
          0.7523021374227671,
          0.7240711310685239,
          1.0129750516670497,
          0.2987259638740726,
          0.6450818139938437,
          1.2408335636567562,
          0.7953317592693846,
          1.1573807134936713,
          1.3001035850052978,
          1.1490443912252113,
          0.986315403479328,
          0.5100578204726026,
          1.1771191866386743,
          0.8431115853170938,
          0.3681550396732885,
          1.2011902460738406,
          0.6480434733007371,
          0.9386026591767611,
          0.6059422930983877,
          1.0095388898834026,
          0.6262410627223106,
          0.8722867777459892,
          1.1458908719170808,
          0.49855765565083,
          0.26707449644796893,
          0.7663873355293485,
          0.5955664416202241,
          1.3649445359604193,
          0.7256372925081425,
          0.9680461705345704,
          0.5748001666897525,
          1.0172228607333185,
          0.9327147566368023,
          0.9690462541934632,
          0.4740229175338155,
          1.0899355413843275,
          0.698663952051954,
          0.6604952725549832,
          0.9066628223907168,
          1.0844502346409024,
          0.9774966321800631,
          1.5526908956745833,
          1.2060053452303328,
          0.3553296145875373,
          0.7398936077318716,
          0.6770411755412543,
          0.4462005240644388,
          0.4439773106753332,
          0.7775661507821563,
          1.1460921762652239,
          0.6217810204002333,
          1.3023859735798735,
          0.9598657090927981,
          0.958482685616104,
          0.5192104957318072,
          0.5713734921994337,
          1.465426357078461
        ],
        [
          0.8815745084360032,
          0.0,
          1.744740838006806,
          0.8870371522527055,
          1.548589300650626,
          1.503517020634457,
          1.1034259518300114,
          1.120788433421462,
          1.0700146308145753,
          0.32732214420429373,
          1.2571150633200885,
          1.273000314645086,
          0.7952492883363125,
          1.2543854173961897,
          1.6866409589601055,
          1.5615812943110996,
          1.747671469221052,
          0.9524621152757015,
          1.61416362727918,
          0.5827564154808651,
          0.5258316763509462,
          1.1122121101396574,
          0.9437750612193325,
          0.7802139218366788,
          0.921504832240833,
          0.9542614071433233,
          0.7255366972788392,
          1.1989474508329614,
          1.2933340388758847,
          0.706341193653903,
          0.4954348680822166,
          1.0478359105110753,
          1.0524173478329992,
          1.3758707565813435,
          0.9499764214687623,
          0.8275676732434495,
          0.5033171070569562,
          1.2026403111372075,
          1.0215375003327671,
          1.1978250295472441,
          0.260701840855166,
          1.169099957883763,
          1.0827555663842001,
          0.9908797453024332,
          1.4421383433852828,
          1.3789110077251343,
          0.7758652232379332,
          1.072253984695512,
          1.4192275458311465,
          0.6934022815889525,
          1.2751778052390221,
          0.6375111350450443,
          0.6624987878798699,
          0.32687989432532194,
          0.48983638852481254,
          0.7391924009197499,
          0.6242884682074774,
          1.0474171508264474,
          1.0075392628815283,
          1.3043451317500216,
          1.2792469898883332,
          0.6421413102359791,
          1.7160218706776635
        ],
        [
          0.7952937490071951,
          1.744740838006806,
          0.0,
          1.171997925895871,
          2.8391075949278024,
          1.4970334444641793,
          1.101310531620068,
          0.6999212989981112,
          1.9674802135349607,
          0.47077828126589616,
          1.6847987763840944,
          1.5240005282581917,
          1.8082487645174514,
          1.7184218626487653,
          1.332834241689904,
          1.8264931481023516,
          2.0096114542883483,
          1.4943141091625605,
          1.5156110144087744,
          1.4740591722052425,
          0.5462181663035338,
          1.1591397067106186,
          1.639590524285786,
          1.3675972695123149,
          0.7620681084824087,
          1.222549823383799,
          1.208714268850839,
          1.0963079946459429,
          2.225299651041264,
          0.674354771127211,
          0.6021919196554855,
          1.7395755488064382,
          1.3274719238434913,
          0.918431742308119,
          1.50400984986998,
          1.3330602067554982,
          1.0035323860247247,
          2.1180240122782243,
          1.4204360471964768,
          1.4776711696586813,
          1.0774448553158975,
          1.4909153178380723,
          1.3233126409222302,
          1.299878393205272,
          1.305885473870859,
          1.6136157549183476,
          1.1209142608270513,
          1.1042737292176272,
          2.4848587792397603,
          0.3412797754578705,
          1.2427080949126879,
          1.0218686470445384,
          1.1384565088534657,
          0.5862130647303355,
          1.8323323890501668,
          1.3233172914988867,
          0.8320280003579436,
          0.9301008876910212,
          2.0161800917957677,
          1.1326032283323182,
          1.219804089006075,
          1.036922477957644,
          1.9383043758094631
        ],
        [
          1.0283446810122625,
          0.8870371522527055,
          1.171997925895871,
          0.0,
          3.5499996495847785,
          1.949366308420932,
          0.9961376909402382,
          1.343681449027095,
          1.4721910832046377,
          0.32313393574659094,
          1.1144672803479514,
          1.6465493141563465,
          0.9500478535838189,
          1.3568059542837885,
          1.3627847743231465,
          1.5416017847933758,
          1.0483364363415701,
          1.0558231303685728,
          2.313013176571591,
          1.3694496344198956,
          0.4971372922161232,
          1.401110517245213,
          1.157386342906749,
          1.3117946470462734,
          0.8431677579927687,
          0.5471808437064192,
          1.1077632371278527,
          0.9073610761117697,
          1.8220292214543934,
          0.9626016424249642,
          0.6077159604952381,
          1.1925376305184778,
          0.9269109538980889,
          1.27002789227536,
          1.4686121823786962,
          1.6159101791345074,
          1.1672252797065599,
          1.5794462334628119,
          0.8712972252699418,
          1.2347880349097007,
          0.6743035950672477,
          1.3276336629898415,
          0.9869158416028494,
          1.2073375144120977,
          1.1467956905244088,
          0.9305951185723944,
          0.6539645014470682,
          1.3417068088915367,
          1.6470575150385125,
          0.49286969589060103,
          1.0515811786706653,
          0.5857181221162245,
          0.9354640611287234,
          0.377605977202865,
          0.9329776054114509,
          2.026456225146506,
          1.0439384859533019,
          1.6761933057620475,
          2.0117712764259497,
          0.8801555181425313,
          1.3030718445160792,
          0.8003237032789671,
          1.6459185824760176
        ],
        [
          1.0584223681399891,
          1.548589300650626,
          2.8391075949278024,
          3.5499996495847785,
          0.0,
          3.7638275236929863,
          2.849176987386686,
          2.058287498191102,
          2.4992064905167877,
          1.5180549847693072,
          2.017993003863216,
          4.2206265386362025,
          3.2334153615211365,
          3.539237578770602,
          3.550457036584506,
          2.7726690343770484,
          2.235948864436154,
          1.393410044009808,
          1.8342171845005837,
          3.4223729864533095,
          1.5108913615198973,
          2.213235860432042,
          2.1978249093572977,
          2.329515609541167,
          1.642269639360578,
          1.9783964674000507,
          2.518223017580216,
          2.08714629595598,
          2.93825020005216,
          0.9206203265131946,
          1.5210432223888137,
          1.9232187444028044,
          0.9379887997668104,
          1.5079765788574737,
          2.8346122231560265,
          2.4659496550613844,
          2.1730524667908244,
          2.47037911246684,
          1.3124807619416041,
          3.1863922596204235,
          1.331223200700995,
          1.7670274998014637,
          1.24919407860128,
          2.7831588433212073,
          2.793367608912336,
          0.8612240968382111,
          0.7649395941093374,
          2.8221189172847145,
          2.5793610243241956,
          0.5825500896629375,
          0.8914714231031015,
          1.675615895756844,
          0.8542813100023631,
          1.0193899923938297,
          1.9588743698595323,
          1.9439492384690795,
          0.8076039759689233,
          2.195842915499262,
          1.916000977646797,
          1.888342362668121,
          1.5455951510379689,
          1.334694896758675,
          3.1352287214957473
        ],
        [
          1.1066969836852318,
          1.503517020634457,
          1.4970334444641793,
          1.949366308420932,
          3.7638275236929863,
          0.0,
          1.9425899093316643,
          1.210388322460456,
          1.8472560336152826,
          1.055513488212008,
          2.4956269135564413,
          4.821910266690926,
          1.8602640943473472,
          4.721689782643078,
          2.3019067130886164,
          4.20284263229129,
          2.2598332183283203,
          2.823492874477293,
          1.6731724589109642,
          4.137530950818201,
          1.117003975371895,
          1.7041325455328782,
          2.0539028003803854,
          1.4529692935704097,
          1.1766375407249303,
          1.729923809605514,
          2.165357192311715,
          1.877629910211429,
          1.596337222854711,
          0.6458982528742058,
          1.1508077932303324,
          1.4746194857232686,
          0.695663614306747,
          1.7276459495929908,
          1.6438591102032918,
          1.9380954930807919,
          1.1840165466864636,
          1.5416365297821342,
          2.0490156383962126,
          2.072849008229614,
          1.115060721877662,
          2.046243813886807,
          1.1969776856442946,
          1.0818022737665913,
          1.3886120053620732,
          0.9793242246352126,
          0.8626143077330964,
          2.288936194873982,
          1.0201276348174018,
          0.4195840152938068,
          0.8948798343561933,
          0.8298678111907636,
          1.1683278401871875,
          1.0296512103750546,
          0.9436780015878513,
          1.062909112822053,
          0.8507044642312744,
          0.8890369157366661,
          1.2337074467965006,
          1.641643039698647,
          1.0141438165519607,
          1.0444329388564582,
          2.2424313975214796
        ],
        [
          0.7523021374227671,
          1.1034259518300114,
          1.101310531620068,
          0.9961376909402382,
          2.849176987386686,
          1.9425899093316643,
          0.0,
          1.8813210232581425,
          3.7162756029054616,
          0.7583418759513846,
          2.2324712359292707,
          2.625065037577075,
          1.6662817866670812,
          1.6199771776519025,
          2.455322650932675,
          1.622525755841571,
          1.5136119720464292,
          1.577549843428611,
          2.4900096022594913,
          2.0586022061847618,
          0.896708808746026,
          2.0492110327678703,
          1.275692474472364,
          1.2831223779627638,
          1.167103097557529,
          2.1896777951518533,
          1.569952089671919,
          1.6313342969623312,
          2.060398823907773,
          1.216443308242764,
          0.8916972865123232,
          1.538133679052324,
          1.8200389493329892,
          2.0172632234024994,
          1.2496365903784783,
          1.9635715780850342,
          1.1539247023686012,
          1.6873551759125625,
          1.7031746329488067,
          1.8470089653096464,
          0.8873388119222118,
          2.4363205040872162,
          1.4347781167268148,
          1.6867561962679496,
          1.5215001879373613,
          1.2112905651076422,
          1.1311709817324505,
          1.7157019259621997,
          1.6421543437754784,
          0.6023423393327675,
          1.4521472872225412,
          1.1022606483059976,
          1.3483664387429666,
          0.8204766305709879,
          1.4366181494045946,
          0.8801170046435802,
          0.898219751328588,
          1.7507305454062994,
          2.074392325817626,
          1.4942073395993738,
          1.444181132595967,
          1.0278018333296142,
          2.3413083889147877
        ],
        [
          0.7240711310685239,
          1.120788433421462,
          0.6999212989981112,
          1.343681449027095,
          2.058287498191102,
          1.210388322460456,
          1.8813210232581425,
          0.0,
          3.352605944670566,
          0.8611888430332147,
          2.588046398999093,
          2.930562203492017,
          2.063796404601397,
          1.020000218083354,
          2.7982341991031983,
          1.2782348165924948,
          2.951190716731482,
          2.293551550490857,
          2.9003537911260255,
          3.0184006753076327,
          0.925681001915912,
          2.7643790313845327,
          1.5325993544748229,
          2.876648320940495,
          3.0807793450526497,
          0.8485212765360439,
          1.3920849657583994,
          1.9229567286217035,
          3.3290581605381018,
          1.8262685785286332,
          0.9109141396858179,
          1.3588423699373489,
          1.805781682149444,
          2.2254907852805146,
          2.46023330230515,
          1.7800342651971046,
          2.260065980270607,
          1.8950336339125515,
          1.774052672520936,
          2.07155201808651,
          0.6477687167883306,
          1.8709139115244282,
          1.235448440603909,
          1.2161603598765889,
          1.5029658778483057,
          1.49621880934697,
          1.5075113042476656,
          2.1239900701643757,
          1.4639908797765564,
          0.38127134302415755,
          2.093983520187015,
          0.8136698333803545,
          0.755066310905332,
          0.6430501220740321,
          1.5556459752126834,
          1.7361995792667095,
          0.5004534592317789,
          2.2758936228373923,
          2.0867617244064736,
          1.8676078064033588,
          1.050157824737564,
          1.5966646412529528,
          3.003788306315874
        ],
        [
          1.0129750516670497,
          1.0700146308145753,
          1.9674802135349607,
          1.4721910832046377,
          2.4992064905167877,
          1.8472560336152826,
          3.7162756029054616,
          3.352605944670566,
          0.0,
          1.2466183778188997,
          4.272546506230689,
          5.890770149097429,
          1.9903888171805082,
          3.1843674738740977,
          1.9335012786501353,
          1.9048964138802937,
          2.363557015520567,
          1.3522930632428232,
          2.9904363882528306,
          2.1876208238862347,
          0.9773748350663813,
          2.962061057012221,
          1.9969192642917495,
          2.777753638522458,
          2.273617204751042,
          2.3736797279534034,
          2.6721208332130884,
          2.924684823456921,
          1.4419511833190213,
          2.0673224297840824,
          0.7797310215320157,
          1.7785542613135048,
          1.3277875921047704,
          2.881227974003621,
          1.586932501267992,
          2.4042325036370347,
          1.7542372654921916,
          1.9023342732674722,
          1.925335531639232,
          2.392393973076432,
          1.3457375986301146,
          2.169796683464876,
          1.1090050496086161,
          2.1187539818683345,
          2.2110986501845367,
          2.3832134044205486,
          1.7809117445325497,
          2.673658295973842,
          2.041803173237625,
          0.5490438507463661,
          1.1307185617566247,
          0.9148966200061751,
          1.187622169604919,
          1.0780606768716778,
          1.9228310857789277,
          1.6052431869369488,
          1.0772196529539795,
          2.281569001297618,
          2.1940908735966054,
          1.8404561043936256,
          1.5594334546397386,
          1.0624483817356272,
          1.7102952718585895
        ],
        [
          0.2987259638740726,
          0.32732214420429373,
          0.47077828126589616,
          0.32313393574659094,
          1.5180549847693072,
          1.055513488212008,
          0.7583418759513846,
          0.8611888430332147,
          1.2466183778188997,
          0.0,
          0.9801593471388049,
          1.9335136441575353,
          0.9164476022951643,
          1.566085532962014,
          1.1279266777272334,
          1.3234750898495218,
          0.6004927756994717,
          0.7539128527561328,
          0.9884104130365098,
          1.1590332588667613,
          0.4295255712933022,
          0.935945834104134,
          0.7371182390565046,
          0.8171240704510465,
          0.5246716318696097,
          0.728086286820357,
          0.8867055906405945,
          0.8384494493830542,
          0.7200487719387673,
          0.5109422244435066,
          0.19407389542826337,
          0.6257885641804085,
          0.7167040641251251,
          0.5620361239595925,
          0.6235560526257531,
          0.6598649912837823,
          0.5201336898361523,
          0.5385274371143104,
          0.4039524617180011,
          0.5717977727683496,
          0.2522368338820065,
          0.7835599831922593,
          0.22533032676822473,
          0.44298983142478054,
          0.818506192040344,
          0.36096300988623603,
          0.41757761922436754,
          0.7469770657613998,
          0.8064949245620593,
          0.26391220817581873,
          0.42586852774678663,
          0.2919651425532443,
          0.24940437577670885,
          0.14935837998530305,
          0.3532738386472394,
          0.5340062090993116,
          0.31800463305515675,
          0.4607821248303684,
          0.49884638911649276,
          0.3511651998230031,
          0.43441803244319505,
          0.23718474096859757,
          0.7125196724645219
        ],
        [
          0.6450818139938437,
          1.2571150633200885,
          1.6847987763840944,
          1.1144672803479514,
          2.017993003863216,
          2.4956269135564413,
          2.2324712359292707,
          2.588046398999093,
          4.272546506230689,
          0.9801593471388049,
          0.0,
          6.457676057910592,
          2.495281096357791,
          4.851674040544056,
          3.0200652905606713,
          4.4157712836647125,
          1.800388900829055,
          2.1152496897871,
          3.7017704823004527,
          2.2594472583231364,
          0.9438941041323345,
          3.9818318389312397,
          2.228570228968456,
          1.89659137853596,
          1.568315089847229,
          1.9151837299764285,
          2.998567614217831,
          2.9435027924947725,
          2.538596301468882,
          1.5509677598796563,
          1.066134123860077,
          2.0947962111468,
          1.5973976682967193,
          1.63324596096946,
          2.4193789151969662,
          2.300052388440446,
          2.321772345952717,
          2.1738812409436297,
          2.2673936937969597,
          2.585685590788732,
          0.8178055881575795,
          2.1867767530779654,
          1.5500335862573793,
          2.693252455467098,
          1.8879420819643664,
          2.6861683467704,
          1.5531187117282208,
          2.5527054816695443,
          2.061039513424014,
          1.0345733445998215,
          1.9972431166085944,
          0.7645177051831151,
          1.1195358628764733,
          1.053663396310726,
          2.0142272474919585,
          1.5220980967346849,
          1.3023066879579592,
          2.3492896934077874,
          2.2495683450912884,
          1.7632004788610391,
          0.9811726439242477,
          1.4636196045802972,
          1.810422026351572
        ],
        [
          1.2408335636567562,
          1.273000314645086,
          1.5240005282581917,
          1.6465493141563465,
          4.2206265386362025,
          4.821910266690926,
          2.625065037577075,
          2.930562203492017,
          5.890770149097429,
          1.9335136441575353,
          6.457676057910592,
          0.0,
          4.8927219951020975,
          8.29471355516206,
          5.15183552067737,
          5.816397878481553,
          2.9401661056885158,
          2.472697960208073,
          3.1974585249794907,
          3.5342709461010733,
          1.5674252287592942,
          3.548080963271536,
          3.080384484262317,
          2.334819777187507,
          2.811264958788885,
          3.2681808342790855,
          4.963112137165195,
          4.1875269150166075,
          3.1426948203204983,
          2.5835269489628354,
          1.1863662618290765,
          2.5996983946400727,
          2.61573244538842,
          4.046151390451422,
          2.012205986383252,
          3.614656618462952,
          2.630172363425548,
          3.409385191844799,
          2.0847653135809416,
          2.5582025753859297,
          1.7519102795855077,
          3.9666941802677127,
          1.3798278488528204,
          2.1418297148305387,
          2.2421879933656483,
          3.768664849601389,
          1.6855915070692464,
          3.5695142352323193,
          2.334044056248921,
          0.6139067040705659,
          1.9883178762427516,
          1.3634180791010007,
          2.488868519899674,
          0.992761484034101,
          2.033722517968763,
          2.500207123797371,
          1.7189137555852387,
          2.2097743019575877,
          3.2749960647156,
          1.80184705503073,
          1.2291090228768815,
          2.0458118457237062,
          2.2410094072740896
        ],
        [
          0.7953317592693846,
          0.7952492883363125,
          1.8082487645174514,
          0.9500478535838189,
          3.2334153615211365,
          1.8602640943473472,
          1.6662817866670812,
          2.063796404601397,
          1.9903888171805082,
          0.9164476022951643,
          2.495281096357791,
          4.8927219951020975,
          0.0,
          3.4411382140077724,
          3.1223271489611557,
          2.866620962437882,
          1.3819146795635397,
          1.7699079923544838,
          1.3872859472906924,
          1.2105620318578214,
          0.7592538972577589,
          2.108903021423447,
          0.9033683527176675,
          1.159831478955692,
          1.8267909809029788,
          1.2339365327187157,
          1.152289994940816,
          2.2281120419929965,
          2.75511775916718,
          0.5230356914512716,
          0.7482333096824735,
          0.5700288270432236,
          1.5523533742899158,
          1.779231112319357,
          0.9882577407681318,
          2.274733974986542,
          1.3110351688862194,
          0.6184568690688379,
          1.6222920565073817,
          1.5942132940211968,
          1.0830230817011686,
          2.4695093385510085,
          1.0737426236435974,
          1.034654626527026,
          1.0980722551919202,
          1.6961158674132928,
          0.9819914020967603,
          0.9746485601253007,
          1.727340335407716,
          0.5498115497672589,
          1.1905850339676214,
          1.1026656038817448,
          1.6069149376355774,
          0.7267115304326872,
          0.9616366720293459,
          0.6869684840758156,
          1.2892897075180685,
          1.9055957365523661,
          1.1783018339951503,
          1.8111658888652595,
          0.525989313709885,
          1.3849496859035888,
          1.7887266489099984
        ],
        [
          1.1573807134936713,
          1.2543854173961897,
          1.7184218626487653,
          1.3568059542837885,
          3.539237578770602,
          4.721689782643078,
          1.6199771776519025,
          1.020000218083354,
          3.1843674738740977,
          1.566085532962014,
          4.851674040544056,
          8.29471355516206,
          3.4411382140077724,
          0.0,
          5.123775104413277,
          6.351952607743545,
          3.161843577615062,
          3.0418019541748955,
          2.7289424253882566,
          4.7306494859267945,
          0.9473814829022349,
          2.3524726582892495,
          2.0852997328894083,
          2.178095153980269,
          1.9383050889665117,
          2.476073962368919,
          3.621841451700239,
          3.6940325190592485,
          3.513969116576654,
          2.5986585767071424,
          1.3657078630132509,
          2.8662772710440327,
          1.8767558744487476,
          2.447484644737317,
          2.174085848710325,
          2.0652075277855593,
          1.521532372521291,
          2.2235034500727546,
          2.175207048716819,
          2.9931603511528504,
          1.5241569561769048,
          3.163637970965065,
          2.058092933146984,
          2.4443254965322496,
          1.9992586158431478,
          2.4017696129683856,
          1.8340971250318445,
          2.6427697141290123,
          2.487120650110994,
          0.8830343748582051,
          1.0966303928599077,
          1.1667625962274037,
          1.5184517791234613,
          1.1200938367743336,
          2.7419996337297747,
          1.3647943355256948,
          1.57747757241026,
          2.4955099969568004,
          2.9786379578212236,
          1.6632230914505417,
          1.646999484632436,
          1.093055305373301,
          2.3796250503006395
        ],
        [
          1.3001035850052978,
          1.6866409589601055,
          1.332834241689904,
          1.3627847743231465,
          3.550457036584506,
          2.3019067130886164,
          2.455322650932675,
          2.7982341991031983,
          1.9335012786501353,
          1.1279266777272334,
          3.0200652905606713,
          5.15183552067737,
          3.1223271489611557,
          5.123775104413277,
          0.0,
          5.588327114284226,
          3.6239618352677008,
          3.8081003641871924,
          5.3064603081801165,
          4.162673916167635,
          1.3880367376161213,
          2.4200333832202925,
          2.1749117169825665,
          1.3762976155986577,
          1.9471791418522038,
          2.1369272051824257,
          3.8543104592435564,
          3.8130407581725323,
          3.827577196204685,
          2.717165285033698,
          1.6856154282230507,
          3.5479665030436567,
          2.7849379666324388,
          2.396064415079262,
          2.3719013042625665,
          2.1296027605143797,
          1.4516958066949022,
          2.3097695032929666,
          2.271776633200621,
          3.194266157538804,
          1.6536936616057072,
          2.9415084396562414,
          2.5636850968542095,
          2.9909707523980824,
          3.5334162551049233,
          2.8491555280743968,
          1.4927760820817921,
          2.6072677389737184,
          1.7196958482538347,
          1.1173390489443493,
          2.153935234946793,
          1.2600824281089713,
          1.5796678672003868,
          0.8296668689082312,
          2.4834868095830447,
          1.5486604367122472,
          1.6243774880819282,
          2.5906555397711717,
          1.8521943765590883,
          2.456568758112741,
          1.444540894506512,
          1.6208254138713583,
          2.074208281992472
        ],
        [
          1.1490443912252113,
          1.5615812943110996,
          1.8264931481023516,
          1.5416017847933758,
          2.7726690343770484,
          4.20284263229129,
          1.622525755841571,
          1.2782348165924948,
          1.9048964138802937,
          1.3234750898495218,
          4.4157712836647125,
          5.816397878481553,
          2.866620962437882,
          6.351952607743545,
          5.588327114284226,
          0.0,
          3.3448172755184267,
          4.960156635037997,
          4.809935172090227,
          5.5005288777141335,
          1.2481942908154962,
          3.4213560698984473,
          3.0935087341597503,
          2.178109378569614,
          2.3425722249855263,
          2.6684083963518535,
          2.6626401022163413,
          3.528917945471737,
          2.9090340479896635,
          2.7588802263316983,
          1.8253270844326166,
          2.58704521511112,
          1.8618672936587644,
          2.059546171220241,
          3.1547249919716185,
          3.1675391382775437,
          1.9412048633005086,
          1.9320761519309715,
          2.6907174243636915,
          3.168154893399232,
          1.9637825454453157,
          3.0464189411925706,
          1.5399156808486827,
          1.6593435614259366,
          3.11642338488277,
          2.405127807711521,
          3.6432338613973947,
          2.4615668003168207,
          2.559504576547587,
          1.0745536787008971,
          1.6593446029049408,
          1.1738606138425458,
          2.1879604625742894,
          0.6991324705807418,
          1.445894830321999,
          2.6441151520053565,
          1.286299509593937,
          1.9505419632755006,
          2.201840414238646,
          2.428861727040532,
          1.4244247728554935,
          2.256572200526445,
          2.1918035301622307
        ],
        [
          0.986315403479328,
          1.747671469221052,
          2.0096114542883483,
          1.0483364363415701,
          2.235948864436154,
          2.2598332183283203,
          1.5136119720464292,
          2.951190716731482,
          2.363557015520567,
          0.6004927756994717,
          1.800388900829055,
          2.9401661056885158,
          1.3819146795635397,
          3.161843577615062,
          3.6239618352677008,
          3.3448172755184267,
          0.0,
          1.509193692796983,
          3.723317767707135,
          3.5615371237366267,
          1.0671146449791915,
          1.6280362375447472,
          1.5515277467016653,
          1.2932662716776637,
          2.5701533479798333,
          1.6934040054230706,
          1.8204639990751252,
          2.3582068267338423,
          2.849259755146775,
          1.7338693346437488,
          1.159824622239287,
          2.346289021090845,
          2.5442393954536073,
          2.300414181504011,
          1.4436244489871457,
          2.524083457625859,
          2.187498398294467,
          1.651605181521263,
          1.9691648020866799,
          1.9512031243494443,
          1.3653048398475198,
          2.005059140221545,
          2.2326256364179633,
          2.595208877696853,
          2.17832087442872,
          2.5145968982147036,
          2.539753325771606,
          1.0945292210028084,
          2.1859744349691845,
          0.8318209477329622,
          1.3242668538645264,
          1.0221345461274587,
          2.4453900302231717,
          0.6007285501254634,
          1.7433704823822849,
          2.1009952448192495,
          1.0237923508437599,
          2.369098218983346,
          2.4950061609805574,
          2.0758252542459528,
          1.5677814682257731,
          1.9340508673091068,
          2.1301531412303936
        ],
        [
          0.5100578204726026,
          0.9524621152757015,
          1.4943141091625605,
          1.0558231303685728,
          1.393410044009808,
          2.823492874477293,
          1.577549843428611,
          2.293551550490857,
          1.3522930632428232,
          0.7539128527561328,
          2.1152496897871,
          2.472697960208073,
          1.7699079923544838,
          3.0418019541748955,
          3.8081003641871924,
          4.960156635037997,
          1.509193692796983,
          0.0,
          4.625982716416323,
          3.9046531669794424,
          1.8656959172940222,
          2.8657353771584515,
          2.2030283688838366,
          3.1322914500622168,
          1.5611139325718082,
          1.2365165948675048,
          1.565602324423558,
          1.8428484431289882,
          1.9250054312873157,
          1.326708994586772,
          0.8127793656349045,
          1.9379090858908061,
          1.510685339905826,
          2.167609919780995,
          3.0831844348490565,
          3.147079588777051,
          1.887714324468505,
          1.664703239470918,
          2.313802190940191,
          1.3345007185156827,
          1.4598018683723608,
          2.152113979742872,
          1.130892208535956,
          1.2679011621424088,
          3.3242935370098277,
          1.5547626940669552,
          1.2477987624468385,
          1.5661330363773185,
          2.2026493952743706,
          0.6962303494645847,
          1.7011659810682431,
          0.3558444194852157,
          1.8646066905297936,
          0.7024947447698163,
          2.0108207573728683,
          1.5960214198584128,
          1.1095603840513704,
          1.8186907095441684,
          1.391831474745994,
          1.2788070525413007,
          0.907424650497624,
          1.9006932664796756,
          1.8762004510234764
        ],
        [
          1.1771191866386743,
          1.61416362727918,
          1.5156110144087744,
          2.313013176571591,
          1.8342171845005837,
          1.6731724589109642,
          2.4900096022594913,
          2.9003537911260255,
          2.9904363882528306,
          0.9884104130365098,
          3.7017704823004527,
          3.1974585249794907,
          1.3872859472906924,
          2.7289424253882566,
          5.3064603081801165,
          4.809935172090227,
          3.723317767707135,
          4.625982716416323,
          0.0,
          5.50794771666958,
          1.717317510558428,
          6.3434340666342015,
          3.036337804626605,
          2.754366510214892,
          2.3827410769875184,
          1.8495715972407958,
          1.6233087300823423,
          3.041079779790608,
          4.433151901453711,
          3.8146692486941736,
          2.4509053115775354,
          5.709699833841291,
          4.502357165389408,
          3.2118352830058807,
          3.613335279866418,
          2.8481964492782823,
          2.306632886851293,
          1.4467837034043138,
          2.285636131494269,
          2.2136304799546624,
          0.9590555050768292,
          2.5321822191705374,
          2.1672233355746147,
          1.7512957339057365,
          2.0174820703290695,
          1.8419408507044293,
          2.8692458386311683,
          3.1681543041018436,
          3.1560482380155395,
          0.7077084318936462,
          1.1763776971169537,
          1.673311398762948,
          1.9417789821171727,
          1.1522567338649519,
          2.2458649458754496,
          1.7775731174847753,
          1.3352172944049248,
          3.0376653899211155,
          3.4652228134791616,
          2.9040908193383776,
          2.7491063795805237,
          2.084753519178249,
          2.878737018735936
        ],
        [
          0.8431115853170938,
          0.5827564154808651,
